velx	vely	velz	angx	angy	angz
0.0145595	0.0282639	4.762842E-05	-0.2956457	0.06445002	-0.6961324
0.009946949	0.03657272	-0.0033423	-0.3045669	0.05269298	-0.5171759
0.009501438	0.03948891	-0.002847367	-0.3059232	0.04489934	-0.4307761
-0.001613607	0.04768859	-0.007009861	-0.2648363	0.01153126	0.03294127
-0.01792007	0.03959396	-0.01073284	-0.1363595	-0.1031941	0.1966382
-0.04023727	0.05664192	-0.01442792	-0.1826596	-0.285597	0.2791762
-0.04866026	0.0243108	-0.01011735	0.06427787	-0.3422152	0.2725009
-0.04866026	0.0243108	-0.01011735	0.06427787	-0.3422152	0.2725009
-0.04866026	0.0243108	-0.01011735	0.06427787	-0.3422152	0.2725009
-0.04866026	0.0243108	-0.01011735	0.06427787	-0.3422152	0.2725009
-0.04866026	0.0243108	-0.01011735	0.06427787	-0.3422152	0.2725009
-0.04866026	0.0243108	-0.01011735	0.06427787	-0.3422152	0.2725009
-0.04866026	0.0243108	-0.01011735	0.06427787	-0.3422152	0.2725009
-0.05249409	0.02142823	-0.01079481	0.09055549	-0.3706135	0.2607387
-0.06031137	0.01055254	-0.01138895	0.1579771	-0.4247882	0.2608951
-0.06396734	0.005558465	-0.009141659	0.213884	-0.449923	0.2779324
-0.06625248	-0.004510395	-0.007034628	0.2898038	-0.4649144	0.2502326
-0.06599246	-0.005107012	-0.00439145	0.3191532	-0.4552643	0.254848
-0.06522632	-0.007303035	-3.413359E-05	0.3733838	-0.4383376	0.2999178
-0.05955647	-0.007157634	0.002009256	0.3777767	-0.395653	0.314617
-0.04248694	-0.006055806	0.003603702	0.3285432	-0.283904	0.3976499
-0.03171325	-0.005903111	0.006818077	0.3215786	-0.2039933	0.5021505
-0.02566542	-0.007544855	0.008025097	0.3537764	-0.1546657	0.5209898
-0.01439895	-0.01204267	0.009892584	0.3755201	-0.06585134	0.3917586
-0.002982066	-0.01544649	0.01234109	0.3408136	0.005935936	0.193336
0.008162291	-0.01761358	0.01578992	0.3118366	0.06532266	0.02957473
0.01451014	-0.02041411	0.02023771	0.3075863	0.1097531	-0.02353459
0.02856525	-0.02616759	0.03057188	0.3203013	0.2065046	-0.07117757
0.04063154	-0.03541872	0.0379101	0.3869338	0.3409413	-0.1149685
0.05620448	-0.05879433	0.0387203	0.5068138	0.4777578	-0.2954922
0.06172963	-0.0715156	0.03803012	0.5985175	0.5269424	-0.4555382
0.0591723	-0.1174578	0.03481098	0.8195465	0.4964935	-0.5530875
0.05642502	-0.138759	0.03105849	0.97458	0.4969292	-0.5103561
0.05142689	-0.1931193	0.02882062	1.291298	0.4956482	-0.415669
0.05413359	-0.2217588	0.029211	1.438164	0.5210974	-0.4429894
0.05883966	-0.2536669	0.02979311	1.575839	0.5657896	-0.5191753
0.06578746	-0.3052755	0.02943669	1.807901	0.6130367	-0.6181735
0.06508598	-0.3673483	0.02312141	2.111125	0.6489269	-0.5879717
0.06512133	-0.4278208	0.009876083	2.500785	0.6680657	-0.3910062
0.06153556	-0.4823155	-0.005927727	2.840739	0.6101029	-0.1348372
0.05249934	-0.5262733	-0.02585858	3.051993	0.5176317	-0.02152579
0.04885847	-0.5467108	-0.04085332	3.133829	0.5009012	-0.09854124
0.0553629	-0.5803827	-0.0667719	3.181757	0.6149626	-0.5520543
0.05736233	-0.6092099	-0.09140164	3.214461	0.692901	-0.8862971
0.04652128	-0.6351473	-0.1170394	3.279676	0.6396866	-0.9801877
0.04169399	-0.651515	-0.1367467	3.298753	0.6710305	-1.150023
0.02525615	-0.67653	-0.1761881	3.459484	0.6421301	-1.214989
0.01067667	-0.6811857	-0.1918816	3.546763	0.5357311	-1.038399
-0.005772248	-0.6844541	-0.2165411	3.634194	0.3789364	-0.7594095
-0.02017624	-0.6769427	-0.2333364	3.635703	0.23215	-0.5823781
-0.03480058	-0.6584613	-0.2499115	3.505825	0.1662871	-0.6035268
-0.0395608	-0.6441108	-0.2583999	3.364028	0.2240582	-0.751951
-0.05053277	-0.6218409	-0.2675767	3.133641	0.2162485	-0.9227561
-0.05894145	-0.6090485	-0.2646108	2.981565	0.2007153	-1.019934
-0.06497226	-0.5904765	-0.263627	2.694675	0.4175458	-1.318229
-0.06444599	-0.5725761	-0.2633263	2.560194	0.4935159	-1.286224
-0.06312607	-0.5470974	-0.2532709	2.379736	0.2216715	-0.9058682
-0.05472943	-0.5361542	-0.2509484	2.268255	0.2078414	-0.7911565
-0.0485725	-0.5218697	-0.2428289	2.139103	0.145487	-0.6767088
-0.04991194	-0.508721	-0.2368838	2.043064	0.06733599	-0.6334775
-0.0614011	-0.4858792	-0.2296617	1.886564	-0.1368141	-0.6208297
-0.07845374	-0.4622971	-0.2249907	1.722541	-0.3080074	-0.7002041
-0.08754251	-0.4418283	-0.2165956	1.549386	-0.3024783	-0.8467369
-0.08801358	-0.4303214	-0.2101178	1.462315	-0.3196188	-0.8535437
-0.08387171	-0.4165092	-0.1952302	1.336581	-0.3685732	-0.7030963
-0.04957264	-0.3953472	-0.1779586	1.121124	-0.06931055	-0.6101046
-0.03830341	-0.3767505	-0.1699837	1.031504	-0.08870574	-0.4692028
-0.03155685	-0.3421634	-0.1531496	0.9321083	-0.3815643	-0.2315872
-0.0248128	-0.3079571	-0.1354772	0.7783905	-0.367163	-0.1757501
-0.01894197	-0.2675303	-0.1081438	0.544109	-0.1523411	-0.2491722
-0.01505592	-0.2385027	-0.08924513	0.3522072	-0.01502769	-0.3050009
-0.004136249	-0.1959094	-0.05905455	0.08258896	0.1419615	-0.3134707
0.01055319	-0.1593182	-0.030073	-0.08173998	0.1599551	-0.1908523
0.0320269	-0.1213027	-0.003372127	-0.1975543	0.07376156	0.06373657
0.0565355	-0.08298934	0.03430665	-0.4000165	0.03567101	0.3236074
0.0752231	-0.05077415	0.06956722	-0.6495258	0.1244653	0.4226511
0.09412086	0.01773811	0.1391852	-1.185941	0.2012597	0.518687
0.0971085	0.09828875	0.2114044	-1.829534	0.34066	0.4217428
0.103721	0.1529979	0.2523614	-2.199393	0.5570279	0.2564579
0.1107724	0.2287908	0.2859997	-2.508033	0.6018226	0.2221733
0.1121644	0.2981424	0.3148685	-2.735299	0.3274228	0.4490795
0.125654	0.3649711	0.3398919	-2.993115	0.05340948	0.7690708
0.1340264	0.4113475	0.3643175	-3.196574	-0.1878214	1.0674
0.1471789	0.4890525	0.3963158	-3.554218	-0.3861082	1.468067
0.1688365	0.5881274	0.4338388	-4.197894	-0.2160645	1.608525
0.1719714	0.6797544	0.4525546	-4.596898	-0.1674592	1.812718
0.1652036	0.7773363	0.4517217	-4.923976	-0.003236286	1.8066
0.1574704	0.8318707	0.4430194	-5.084761	0.1517065	1.637815
0.1510221	0.8987835	0.4262747	-5.22592	0.1349571	1.557246
0.1074666	0.9736739	0.3905528	-5.344182	-0.02641057	1.566002
0.07036502	1.038158	0.3627523	-5.495831	-0.1808534	1.638441
0.05892839	1.098705	0.3062531	-5.607242	-0.156258	1.639413
0.03586995	1.121342	0.2668531	-5.65806	-0.1595846	1.526817
0.01949725	1.140193	0.2194329	-5.552179	-0.1340178	1.483127
-0.01833568	1.157641	0.1511608	-5.355509	-0.2784686	1.495177
-0.04598825	1.150854	0.09483252	-5.04196	-0.3668308	1.40784
-0.08115582	1.138688	0.04520652	-4.746831	-0.4893393	1.485942
-0.09594702	1.127376	0.009676567	-4.599746	-0.4805993	1.554357
-0.1315452	1.122482	-0.05742415	-4.570138	-0.603861	1.653583
-0.1485395	1.113161	-0.09145324	-4.603346	-0.6810023	1.480487
-0.1659017	1.094479	-0.1435258	-4.582069	-0.7537631	1.227743
-0.175509	1.072091	-0.1736676	-4.542883	-0.8114425	1.105869
-0.1859376	1.007325	-0.2309826	-4.388169	-0.9789246	0.7124234
-0.1880882	0.9586797	-0.2478302	-4.18092	-1.027901	0.5946187
-0.1832454	0.8767793	-0.2669227	-3.757711	-0.9433388	0.7061436
-0.1915915	0.797987	-0.2713051	-3.278346	-0.646804	1.279289
-0.1941158	0.7331898	-0.2763862	-3.000252	-0.4562844	1.563353
-0.1927129	0.6789854	-0.2918728	-2.933824	-0.6044295	1.264233
-0.1889567	0.6456766	-0.2919501	-2.854743	-0.758426	0.9970261
-0.192717	0.5866861	-0.2892098	-2.677397	-0.8552279	0.8605998
-0.1929283	0.5194718	-0.280083	-2.405276	-0.8882925	0.8221161
-0.1754216	0.4477372	-0.2590371	-2.045622	-0.8763803	0.665027
-0.1560238	0.3811643	-0.2351968	-1.693213	-0.799616	0.5801985
-0.1451257	0.3389135	-0.2214218	-1.490685	-0.7380631	0.5713769
-0.1267742	0.2760255	-0.1946137	-1.171823	-0.7176002	0.4881122
-0.1045704	0.2092774	-0.1531385	-0.7652255	-0.6575068	0.3810582
-0.07467258	0.1387863	-0.09759891	-0.3026735	-0.4963053	0.3340641
-0.04467563	0.06748287	-0.04430654	0.1435358	-0.3074001	0.2411511
-0.02234306	0.02582106	-0.01069304	0.4045551	-0.2303761	0.1279073
0.02223375	-0.04454623	0.0420498	0.8481194	-0.2006734	-0.2391614
0.04163682	-0.074106	0.0652274	1.013618	-0.1485026	-0.3833572
0.0721709	-0.1212897	0.09646281	1.205711	-0.0957009	-0.6056876
0.09942223	-0.1725091	0.1256731	1.423253	-0.007232892	-0.7663587
0.1253058	-0.2185931	0.1525694	1.653995	0.1587201	-0.8195997
0.1415572	-0.2513497	0.1695404	1.794235	0.2500584	-0.8910316
0.1622325	-0.2981819	0.190838	1.996845	0.3403854	-1.060418
0.1751637	-0.3481711	0.2068576	2.214144	0.421775	-1.145149
0.188017	-0.3998312	0.2250961	2.496352	0.471429	-1.311241
0.1957934	-0.4345659	0.2330821	2.656095	0.4838265	-1.463275
0.2070129	-0.4838164	0.238263	2.804016	0.3934625	-1.815568
0.2042045	-0.5413535	0.2330022	2.946889	0.3137786	-1.958379
0.1890744	-0.6009805	0.2310043	3.187455	0.3437446	-1.674919
0.1806829	-0.6500778	0.2323341	3.364706	0.4924255	-1.370263
0.1797617	-0.677695	0.2298574	3.401373	0.5350143	-1.413102
0.1741491	-0.7167826	0.2225855	3.459537	0.6004969	-1.439108
0.1728337	-0.7679471	0.2098218	3.666878	0.6781808	-1.469778
0.1722838	-0.8127767	0.1982559	3.876543	0.7486435	-1.45037
0.1653814	-0.9074298	0.162568	4.32022	0.8541093	-1.194127
0.1581393	-0.9484208	0.1361168	4.47125	0.8386068	-1.186529
0.1262657	-1.003006	0.07354212	4.594835	0.5991929	-1.191752
0.1071954	-1.019306	0.04567327	4.608263	0.4603561	-1.216822
0.08432995	-1.042898	-0.0003575974	4.593513	0.4384626	-1.160552
0.08039373	-1.051367	-0.02011878	4.584755	0.483102	-1.056569
0.0733829	-1.059987	-0.0446609	4.593025	0.526467	-0.8564416
0.07047118	-1.069137	-0.08796943	4.594925	0.5516855	-0.6301045
0.05406521	-1.076697	-0.1369028	4.631851	0.4815765	-0.5475923
0.02764409	-1.076541	-0.1867582	4.708976	0.3401356	-0.56851
0.0049306	-1.071235	-0.2243809	4.732436	0.2043277	-0.63574
-0.03629539	-1.050941	-0.276814	4.726239	-0.03051242	-0.7616975
-0.07056285	-1.017068	-0.3098426	4.63342	-0.1581407	-0.960148
-0.0850433	-0.9848072	-0.3182127	4.417931	-0.1010038	-1.161384
-0.100466	-0.9085641	-0.3310669	3.809804	0.1580417	-1.48363
-0.1065385	-0.8762352	-0.3383029	3.584145	0.09611332	-1.381302
-0.1077122	-0.8317836	-0.3512432	3.290682	-0.03740723	-1.111477
-0.1065908	-0.7848106	-0.3532064	3.076748	-0.1980103	-0.82981
-0.1061199	-0.734766	-0.3506983	2.896669	-0.3781824	-0.5970038
-0.1011718	-0.6822696	-0.3367335	2.630665	-0.3137621	-0.618037
-0.09347371	-0.6497445	-0.3176045	2.457052	-0.1702849	-0.6964238
-0.08777266	-0.5923098	-0.298551	2.172876	-0.02699938	-0.7722701
-0.07659242	-0.5029206	-0.2627648	1.76538	-0.03579384	-0.4277992
-0.07175891	-0.4609925	-0.2469273	1.571893	-0.03732445	-0.370492
-0.0666695	-0.4215069	-0.2319842	1.368733	0.005075368	-0.3771817
-0.05723489	-0.352276	-0.2034387	1.075704	-0.04121642	-0.2793786
-0.04692922	-0.2795657	-0.1590075	0.7672141	-0.206189	-0.06724007
-0.01440165	-0.1770421	-0.08076998	0.1657854	0.01549132	0.03131207
0.01457623	-0.09937137	-0.01673557	-0.3118842	0.1528701	0.1394734
0.03188408	-0.04772677	0.02454995	-0.6141198	0.1340796	0.2856018
0.05090583	0.002310559	0.06384955	-0.8934869	0.0448561	0.4714375
0.07731584	0.08098418	0.1185611	-1.275831	-0.1867227	0.8268708
0.09717651	0.1666238	0.1794654	-1.686341	-0.3162181	1.081451
0.1123576	0.2581915	0.2413795	-2.207879	-0.2838692	1.157487
0.1282421	0.3593188	0.3006966	-2.742516	-0.211656	1.185819
0.1388862	0.4574497	0.3480755	-3.115023	-0.1723061	1.379916
0.1475856	0.5164202	0.3675083	-3.270771	-0.1803017	1.566352
0.1474052	0.6060219	0.389325	-3.583294	-0.3464179	1.786453
0.1263756	0.6963226	0.402536	-3.968152	-0.4817522	1.820137
0.1096615	0.7514943	0.410409	-4.139327	-0.6389411	1.921008
0.09353246	0.8327465	0.4155464	-4.303642	-0.8293169	2.249385
0.07619171	0.9211037	0.4100684	-4.5332	-0.9234064	2.744065
0.05029593	1.024247	0.4039911	-4.851711	-0.8769478	3.049302
0.02111458	1.142375	0.3849504	-5.315777	-0.7039555	2.885197
-0.02119611	1.223173	0.3522677	-5.668569	-0.7218402	2.692726
-0.08256693	1.339857	0.2953101	-6.251608	-0.7375007	2.067167
-0.131484	1.42934	0.2117093	-6.568244	-0.8051712	1.195817
-0.183286	1.454468	0.1056677	-6.534304	-1.097813	0.6808283
-0.2087749	1.453965	0.04618229	-6.428718	-1.247327	0.6069127
-0.2132132	1.432221	-0.0192983	-6.226024	-1.223715	0.8198437
-0.1818327	1.35945	-0.1210227	-5.795959	-0.7213497	1.450788
-0.1767148	1.320763	-0.1651855	-5.561587	-0.4689499	1.827677
-0.1797382	1.256549	-0.2202493	-5.221597	-0.1812854	2.261009
-0.19085	1.21731	-0.2598408	-5.034906	-0.1424269	2.307965
-0.1954248	1.153546	-0.3138514	-4.839993	-0.2972246	1.899819
-0.2165563	1.100205	-0.348688	-4.635085	-0.5875111	1.498116
-0.2246576	1.042563	-0.3763498	-4.38719	-0.7437138	1.252498
-0.2254659	0.9849387	-0.3895769	-4.124297	-0.7770843	1.145137
-0.2188163	0.9381751	-0.3943065	-3.939081	-0.7499895	1.021528
-0.2027858	0.8661364	-0.3919376	-3.612117	-0.653828	0.9263684
-0.1837813	0.7786788	-0.3778968	-3.239241	-0.567642	0.8488182
-0.1635175	0.683568	-0.3509803	-2.803256	-0.5038137	0.7257135
-0.1389923	0.5829001	-0.309933	-2.328235	-0.413432	0.6336995
-0.1241088	0.5177428	-0.2798809	-1.998171	-0.4062707	0.5513961
-0.1078909	0.4246447	-0.2313713	-1.508942	-0.4150201	0.4496779
-0.09077664	0.3412161	-0.1803462	-1.066094	-0.4407756	0.3570395
-0.0786384	0.2890664	-0.1473626	-0.7720734	-0.4618263	0.29293
-0.04364996	0.1946095	-0.07469866	-0.2463936	-0.367188	0.118945
-0.0123927	0.1310584	-0.01610686	0.08713922	-0.2088299	-0.01779162
0.01091131	0.08792251	0.01747441	0.2806213	-0.1147825	-0.1331721
0.04154781	0.02061673	0.06262629	0.5853182	-0.1062312	-0.37308
0.06262825	-0.05389721	0.1095211	0.9378225	-0.1442564	-0.5598352
0.07583058	-0.1070012	0.138199	1.189961	-0.192653	-0.6621054
0.09104805	-0.1874429	0.1791629	1.610843	-0.2298187	-0.7594619
0.1031583	-0.2603936	0.2232628	2.057252	-0.1185947	-0.7332407
0.1270837	-0.3256665	0.2623018	2.408781	0.06535041	-0.8052076
0.1558062	-0.38782	0.2921272	2.706481	0.1646803	-1.041378
0.1809473	-0.4498087	0.3163876	2.982723	0.3588176	-1.155454
0.1960207	-0.4898421	0.3281122	3.128697	0.4433831	-1.269834
0.2157601	-0.5587409	0.3358617	3.345508	0.44016	-1.549402
0.2242917	-0.6362113	0.3374644	3.616615	0.3864886	-1.761127
0.2240988	-0.6940468	0.3367577	3.850936	0.3332881	-1.874337
0.2263963	-0.7854726	0.3331653	4.278934	0.2552965	-2.083658
0.230919	-0.8750359	0.3246976	4.728602	0.3442814	-2.146046
0.2324161	-0.9494486	0.3071796	5.084238	0.4503482	-2.255996
0.2254462	-1.011154	0.2782021	5.326111	0.5678211	-2.304787
0.2148444	-1.06166	0.2377134	5.464292	0.6480542	-2.385725
0.2042802	-1.093222	0.2077622	5.551728	0.6600987	-2.366631
0.1798996	-1.145927	0.1510684	5.74117	0.6491701	-2.30101
0.1460025	-1.211418	0.07640761	6.087311	0.597897	-2.092423
0.1020356	-1.287307	-0.02055744	6.607211	0.3837713	-1.712103
0.03780857	-1.338307	-0.1313352	7.154699	-0.104849	-1.239579
-0.01612276	-1.338261	-0.1974594	7.447443	-0.5991507	-0.8394865
-0.0959694	-1.285269	-0.2603504	7.437047	-1.270643	-0.4981973
-0.1343185	-1.177131	-0.2734688	6.577326	-1.029239	-0.8207956
-0.1275055	-1.081292	-0.2585544	5.727776	-0.3139338	-1.282639
-0.1043189	-0.970534	-0.2468852	4.63953	0.1448286	-1.685249
-0.109233	-0.8759174	-0.2583018	3.975091	-0.006373274	-1.464249
-0.1037814	-0.8081947	-0.2599881	3.632749	-0.1534484	-1.051882
-0.1006554	-0.746069	-0.2720307	3.40109	-0.2675199	-0.8397168
-0.1022055	-0.6808872	-0.2660903	3.197114	-0.3586352	-0.7100012
-0.09462623	-0.6298134	-0.2467989	2.850234	-0.1052183	-0.8634603
-0.0874016	-0.5928171	-0.2266506	2.521718	0.1293956	-0.9649265
-0.07187691	-0.5417339	-0.1982374	2.079508	0.3263376	-0.8865414
-0.06117913	-0.4938363	-0.1877031	1.774475	0.2838614	-0.6335256
-0.04968657	-0.4461979	-0.1840036	1.586592	0.1912824	-0.3886544
-0.04637278	-0.4140933	-0.1807438	1.50232	0.08212956	-0.2283992
-0.04211726	-0.3644107	-0.1662528	1.326762	-0.05287265	-0.1012972
-0.04658981	-0.314567	-0.1461567	1.070919	0.05976351	-0.3006495
-0.05050595	-0.2676123	-0.1222817	0.7831312	0.1780275	-0.4702111
-0.04559722	-0.2285832	-0.09813504	0.5513662	0.2178791	-0.4843005
-0.03886348	-0.2028892	-0.08065725	0.407012	0.2498599	-0.41693
-0.01379384	-0.1485895	-0.04682872	0.1153964	0.124954	-0.05551808
-0.00781813	-0.1345611	-0.03794701	0.05340744	0.05054362	0.05997234
0.01893359	-0.07896677	-0.002697236	-0.2103625	-0.1961287	0.5097286
0.04123807	-0.02875335	0.03893489	-0.5017386	-0.2360736	0.7243519
0.06169992	0.03430771	0.09300448	-0.8960721	-0.2198423	0.902396
0.07269406	0.08399794	0.1315183	-1.234023	-0.1922515	0.983863
0.08651031	0.1712469	0.1965212	-1.821162	-0.1357547	1.051066
0.09614707	0.2730422	0.2661227	-2.486305	-0.07691945	1.098263
0.111707	0.3825803	0.329276	-3.183386	-0.05962522	1.194957
0.122544	0.4530215	0.3661267	-3.61888	-0.09970689	1.374068
0.1332443	0.5676004	0.409501	-4.215829	-0.2330351	1.779808
0.1497239	0.6774836	0.4311549	-4.722208	-0.1988778	2.030411
0.1514322	0.781265	0.4380653	-5.150283	-0.1203035	2.224849
0.1389411	0.8885264	0.4474427	-5.486052	-0.2408943	2.745975
0.1272032	0.9618905	0.4415675	-5.72017	-0.2734111	3.107136
0.09585295	1.087251	0.4025561	-6.132855	-0.2614665	3.466105
0.03346083	1.221838	0.3601089	-6.572608	-0.3614883	3.53084
-0.04166847	1.358804	0.2793365	-7.065085	-0.4131662	2.989844
-0.09612466	1.439006	0.2215901	-7.317003	-0.5534406	2.510439
-0.1809954	1.529879	0.09941244	-7.535149	-0.8441472	1.766546
-0.2350229	1.586798	-0.02944781	-7.509669	-0.9910983	1.274084
-0.2803156	1.614393	-0.1615848	-7.404963	-1.109793	1.717542
-0.3028385	1.638162	-0.2850361	-7.61373	-1.090337	2.309823
-0.3188456	1.634377	-0.4239064	-7.722733	-0.842707	2.312111
-0.3356016	1.608115	-0.5152515	-7.726129	-0.8793139	2.132989
-0.3660424	1.495242	-0.6490067	-7.364604	-1.451244	1.612241
-0.3812178	1.409059	-0.6936501	-6.974051	-1.688539	1.485683
-0.3938873	1.316009	-0.7172347	-6.53407	-1.759067	1.560382
-0.3837687	1.178423	-0.7272009	-5.84653	-1.482271	1.854557
-0.3748654	1.051397	-0.7088098	-5.289083	-1.225616	1.862087
-0.3421513	0.9387982	-0.6750236	-4.7707	-1.262631	1.481468
-0.3060428	0.8083283	-0.6325258	-4.208511	-1.265985	1.239711
-0.2867556	0.7185372	-0.5879465	-3.780783	-1.166972	1.221933
-0.2653961	0.5774993	-0.5051977	-3.092007	-0.9705772	1.233539
-0.2385721	0.4500835	-0.4201222	-2.381886	-0.8944171	1.142298
-0.206502	0.3779376	-0.3542776	-1.944986	-0.8492869	1.035597
-0.1557003	0.2681268	-0.2333944	-1.259301	-0.6983231	0.8287636
-0.1038834	0.1969119	-0.1464889	-0.7479311	-0.7032002	0.470768
-0.06617479	0.1454816	-0.08298093	-0.3936482	-0.6376264	0.2836861
-0.01333912	0.07018086	0.01280542	0.1292445	-0.4038205	0.08154585
0.03758279	-0.0007904218	0.1062275	0.6817896	-0.08601929	-0.09863086
0.09042504	-0.06983932	0.1927009	1.223305	0.221005	-0.272888
0.1172569	-0.1193859	0.2437393	1.570659	0.369254	-0.3747171
0.1500222	-0.193569	0.3096778	2.08545	0.4140925	-0.5581115
0.1785794	-0.265491	0.3662126	2.577391	0.4133717	-0.6968352
0.2039264	-0.3216828	0.4107424	3.011971	0.5109008	-0.8358537
0.2214441	-0.3524724	0.4340116	3.206924	0.6116627	-0.9448456
0.2557191	-0.3939726	0.462068	3.387072	0.6574679	-1.280982
0.2894511	-0.4487976	0.4800368	3.593791	0.5291325	-1.739289
0.3123706	-0.5356514	0.5062817	3.942779	0.3748244	-2.117719
0.321337	-0.6505554	0.5309089	4.457481	0.2641353	-2.334849
0.3102226	-0.7868676	0.5527238	5.169941	0.1910234	-2.208031
0.3072557	-0.9155295	0.5628942	5.91803	0.3809126	-1.937996
0.3108293	-0.9805313	0.5577952	6.276643	0.6747283	-1.745953
0.3324156	-1.069695	0.5317039	6.500766	1.192423	-1.827731
0.353124	-1.105494	0.4981089	6.395036	1.297053	-2.243849
0.3776807	-1.158794	0.4312198	6.329908	1.329392	-2.887518
0.3512439	-1.250752	0.347836	6.662687	1.275749	-2.921315
0.3211091	-1.317205	0.2818643	6.945875	1.169899	-2.684155
0.2311702	-1.420957	0.1379729	7.481334	0.6681629	-1.768454
0.189815	-1.449121	0.05943757	7.684402	0.3874121	-1.423494
0.1240886	-1.452296	-0.04787439	7.880804	0.004196962	-1.121534
0.08487917	-1.426555	-0.11046	7.851247	-0.1984637	-0.942378
0.02789517	-1.345924	-0.1851555	7.415273	-0.2392092	-0.9356251
-0.009992157	-1.226932	-0.2313046	6.593955	0.06347344	-1.312652
-0.03559458	-1.102127	-0.2810366	5.634085	0.152091	-1.704795
-0.08307424	-1.001504	-0.3093981	4.888854	-0.08089883	-1.767685
-0.1137632	-0.9236217	-0.3416694	4.480049	-0.4983675	-1.302717
-0.1244573	-0.8756675	-0.3585405	4.30738	-0.8198675	-0.8958282
-0.1262477	-0.8083313	-0.3639003	4.006418	-0.9796597	-0.6446545
-0.1256445	-0.730657	-0.3516274	3.648744	-0.8880934	-0.6565749
-0.1214724	-0.6764694	-0.3340709	3.328664	-0.7119173	-0.7497026
-0.1042174	-0.5790154	-0.2827577	2.638766	-0.3377009	-0.8974044
-0.09230147	-0.5355518	-0.2562801	2.319887	-0.294142	-0.7943487
-0.07884537	-0.4820038	-0.2262075	1.914302	-0.3617323	-0.495746
-0.05769575	-0.4376705	-0.1975434	1.579878	-0.3180295	-0.2916535
-0.03643458	-0.3975638	-0.1730371	1.338651	-0.2747383	-0.1231233
-0.02876178	-0.3700413	-0.1563613	1.186366	-0.2627558	-0.02543869
-0.01560349	-0.3211181	-0.1310754	0.9558503	-0.1805427	0.05100893
-0.002136884	-0.2700758	-0.09675983	0.7221645	-0.1619407	0.2162035
0.01508708	-0.2121193	-0.05276652	0.3990281	-0.0168696	0.3220546
0.02966272	-0.1432581	-0.007745965	-0.0297341	0.1598061	0.2756879
0.03525036	-0.08619128	0.02482489	-0.3494128	0.2029308	0.2643594
0.03585473	0.005936846	0.07366683	-0.8111454	0.05346144	0.3703719
0.03433228	0.0982112	0.124024	-1.250485	-0.0898312	0.4567555
0.03750904	0.1934713	0.1773164	-1.729915	0.08723377	0.3200995
0.04127733	0.2559098	0.2111468	-2.069916	0.1972636	0.2308573
0.04249566	0.3506707	0.2572979	-2.574612	0.1854933	0.2477672
0.04407678	0.4449195	0.3002818	-3.064363	0.1828575	0.2975093
0.06126386	0.5382468	0.3355629	-3.554575	0.13948	0.4872257
0.07411324	0.6187054	0.3607075	-4.010256	-0.01516873	0.8221765
0.07413322	0.6733947	0.3696549	-4.25929	-0.1767144	0.9880407
0.08586698	0.764485	0.3691598	-4.654128	-0.1877138	1.429976
0.08560634	0.8446507	0.3626733	-4.950229	-0.1945795	1.764888
0.08159387	0.9240112	0.3508584	-5.266445	0.02319435	1.535963
0.05931022	1.000244	0.3291343	-5.513245	-0.01614953	1.400959
0.03575653	1.046736	0.2984884	-5.649032	-0.08837107	1.398574
0.003794762	1.107786	0.252611	-5.832157	-0.1648713	1.470969
-0.01262576	1.148167	0.2185526	-5.939792	-0.2198773	1.574597
-0.04838406	1.195783	0.1338692	-6.060186	-0.2238036	1.584329
-0.06126337	1.218324	0.06439255	-6.056872	-0.03614914	1.346822
-0.07169796	1.222383	0.01403386	-5.98856	-0.0160463	1.281679
-0.09162089	1.198793	-0.06867514	-5.805979	-0.0723944	1.219242
-0.1182319	1.167106	-0.1329535	-5.544642	-0.1999708	1.272251
-0.1362434	1.118771	-0.180028	-5.200122	-0.1962562	1.362336
-0.1441561	1.086421	-0.2122642	-4.969674	-0.1437196	1.512037
-0.159656	1.036646	-0.2527828	-4.69396	-0.01945249	1.88643
-0.1730887	0.9885019	-0.2824363	-4.601546	0.1508628	2.070552
-0.152754	0.9184994	-0.3297042	-4.670557	-0.001364281	1.248511
-0.1487175	0.9010825	-0.3379807	-4.66714	-0.1129836	0.9631522
-0.1556793	0.8386773	-0.3594907	-4.502103	-0.3461144	0.6306436
-0.1702831	0.7420384	-0.3711679	-4.069886	-0.3340839	0.8964469
-0.1757742	0.6657445	-0.3653466	-3.724236	-0.2589566	1.069954
-0.1778516	0.6158323	-0.3570954	-3.506572	-0.2537023	1.066319
-0.1732874	0.551138	-0.3432459	-3.219135	-0.1876386	1.062635
-0.1699915	0.5142012	-0.3346795	-3.074944	-0.2019044	1.018113
-0.1673645	0.4523531	-0.3206683	-2.842398	-0.4049531	0.7823884
-0.1587043	0.3824979	-0.2958416	-2.499599	-0.6534891	0.5169867
-0.1470033	0.305252	-0.2556641	-2.021685	-0.7276392	0.4298379
-0.1359231	0.2485879	-0.2185417	-1.659762	-0.6644056	0.41253
-0.1106964	0.1681704	-0.1521157	-1.093322	-0.5509287	0.346254
-0.08090187	0.08812878	-0.08382475	-0.5058281	-0.453731	0.2543329
-0.05792012	0.003790823	-0.00758418	0.1195453	-0.3450644	0.1727952
-0.02797624	-0.07718315	0.06911697	0.7572856	-0.2067677	0.09917258
-0.007951146	-0.1307542	0.1184916	1.17535	-0.1284556	0.03470384
0.03358794	-0.2041816	0.1877117	1.741507	-0.1227405	-0.2388695
0.08562922	-0.2912279	0.2650912	2.361519	0.1012805	-0.5140207
0.1156929	-0.3341745	0.300706	2.643837	0.2132121	-0.6988381
0.1561636	-0.3977154	0.3432215	3.066952	0.2939577	-1.014486
0.1858241	-0.4688815	0.3744832	3.468127	0.4322056	-1.200177
0.20176	-0.5187784	0.3875863	3.716842	0.4791687	-1.293326
0.2112676	-0.5860419	0.3991098	4.091952	0.5143328	-1.283563
0.2198607	-0.636	0.3990821	4.322978	0.6321659	-1.26195
0.2276945	-0.6615979	0.3935016	4.379454	0.6653297	-1.364099
0.2409205	-0.6971166	0.3761208	4.386626	0.6361107	-1.678388
0.2442935	-0.7404945	0.3516648	4.434927	0.6234046	-1.902336
0.2366624	-0.7948661	0.3180398	4.572379	0.6151705	-1.917121
0.222247	-0.8424059	0.2799468	4.76248	0.5695579	-1.757184
0.2018434	-0.8804934	0.2457519	4.913786	0.6047111	-1.416301
0.1951154	-0.8941073	0.2198031	4.896304	0.6387031	-1.324758
0.1868983	-0.8992288	0.1792676	4.776821	0.6906048	-1.333194
0.1728408	-0.8962708	0.1410178	4.659321	0.7430949	-1.30839
0.1537194	-0.9003971	0.09513697	4.56995	0.7243143	-1.186991
0.131702	-0.912573	0.0423374	4.527857	0.6042774	-1.191712
0.1049264	-0.9400268	-0.01392747	4.623294	0.4489768	-1.3344
0.08421239	-0.9646424	-0.06173042	4.784254	0.3248359	-1.376083
0.05071545	-0.9980225	-0.1302357	5.149634	0.04383729	-1.107868
0.01416672	-1.011501	-0.1848681	5.452015	-0.3212958	-0.5714617
-0.004048579	-1.000816	-0.2174706	5.468942	-0.4069667	-0.4451127
-0.01594919	-0.9615877	-0.2516494	5.245739	-0.2678851	-0.5746305
-0.0229126	-0.9001905	-0.2687672	4.840465	-0.03260306	-0.8157169
-0.04028459	-0.8337827	-0.2794774	4.37579	-0.03438818	-0.8402252
-0.05419691	-0.7667439	-0.2902021	3.898105	-0.08145482	-0.796581
-0.05991248	-0.7276928	-0.2918682	3.63418	-0.07119897	-0.8079795
-0.06164905	-0.6787851	-0.2993056	3.362658	-0.09661747	-0.7998759
-0.06628207	-0.6303273	-0.3049415	3.161715	-0.1677177	-0.7121443
-0.07137775	-0.5794666	-0.2912672	2.931055	-0.1943624	-0.6628257
-0.06894871	-0.5239479	-0.2733736	2.610308	-0.05289201	-0.7223967
-0.06540381	-0.4684212	-0.2483212	2.244761	0.04267218	-0.7306277
-0.05779719	-0.413123	-0.2201534	1.863597	0.1145141	-0.6620893
-0.04923837	-0.3746732	-0.1969975	1.600534	0.1456794	-0.5958784
-0.040596	-0.3174704	-0.1645766	1.230676	0.1313644	-0.4708745
-0.03545728	-0.2553022	-0.1240328	0.8759148	0.04927859	-0.3410099
-0.0286047	-0.2111886	-0.09382717	0.6068881	0.05113479	-0.3107307
-0.01288233	-0.1181474	-0.02377643	-0.01118997	0.2208383	-0.3402382
-0.004052138	-0.0659621	0.01456578	-0.3095692	0.2759703	-0.2777578
0.011123	0.01924072	0.07486854	-0.7879772	0.3474028	-0.1531739
0.02435315	0.1149957	0.131294	-1.309724	0.4376044	-0.09827024
0.03242065	0.1803587	0.169465	-1.684367	0.5317969	-0.1158348
0.04515482	0.2761132	0.2194953	-2.230275	0.6814781	-0.1938029
0.05013088	0.3672736	0.2477026	-2.667313	0.5483332	-0.06887109
0.04800244	0.4489389	0.2743963	-2.999277	0.2305365	0.2372501
0.05208165	0.4959161	0.2877224	-3.18715	0.04811878	0.4923286
0.06504247	0.5925943	0.30644	-3.593112	-0.1923466	1.075783
0.06886895	0.646306	0.3213336	-3.867069	-0.3141764	1.435174
0.07078242	0.736994	0.3391069	-4.370168	-0.4214643	1.887182
0.06498208	0.842779	0.3421963	-4.941001	-0.469665	2.178756
0.03852991	0.9509596	0.3369113	-5.50952	-0.5068414	2.21705
0.01908826	1.016811	0.3171246	-5.859976	-0.4319184	1.989432
-0.01692493	1.10758	0.2585984	-6.264263	-0.3702978	1.511878
-0.07485276	1.195578	0.1830124	-6.514819	-0.5143666	1.221963
-0.111029	1.221328	0.1274077	-6.497739	-0.6396649	1.241033
-0.1380633	1.231545	0.08282591	-6.405993	-0.7411333	1.272248
-0.1667497	1.216118	0.003044597	-6.14667	-0.8355607	1.225217
-0.1867762	1.17949	-0.05173529	-5.734814	-0.81094	1.182069
-0.2013128	1.124401	-0.111374	-5.340357	-0.6877399	1.315823
-0.1996559	1.055451	-0.1648847	-4.970072	-0.5430496	1.566004
-0.2134212	0.9724433	-0.2135132	-4.523936	-0.4565628	1.687578
-0.2182582	0.9366291	-0.238573	-4.353625	-0.4779887	1.63317
-0.2159415	0.8964089	-0.2644064	-4.238874	-0.5716938	1.51833
-0.2198722	0.8497021	-0.2948301	-4.064848	-0.6700748	1.367519
-0.2204707	0.8005973	-0.3172548	-3.858974	-0.6907885	1.277483
-0.2180737	0.7711813	-0.3288647	-3.755564	-0.650995	1.276541
-0.1967932	0.7206694	-0.3378454	-3.592322	-0.5460058	1.07528
-0.1756199	0.6596045	-0.3388689	-3.384095	-0.4489721	0.8809083
-0.1574454	0.5867952	-0.3286664	-3.110286	-0.3002406	0.855742
-0.1421351	0.5077656	-0.3091172	-2.773146	-0.205268	0.7762958
-0.1246037	0.4309269	-0.2834251	-2.426701	-0.2193563	0.6287291
-0.1131494	0.3593774	-0.2581463	-2.07808	-0.2446758	0.5371118
-0.1083176	0.3170973	-0.2401314	-1.860436	-0.2345762	0.5396673
-0.09821918	0.2635815	-0.2112571	-1.613009	-0.1759079	0.5295358
-0.08907118	0.2303012	-0.1958543	-1.474066	-0.2626665	0.3755438
-0.0739295	0.1791968	-0.1677126	-1.222531	-0.4377202	0.1119843
-0.0639196	0.1226352	-0.1331983	-0.9319761	-0.4815894	0.005973494
-0.0535449	0.06001773	-0.08918206	-0.5718759	-0.4892305	-0.05350101
-0.04149351	-0.01343816	-0.03469025	-0.1071104	-0.5073585	-0.1131563
-0.03020785	-0.09695695	0.03117964	0.4712535	-0.522962	-0.129486
-0.02253233	-0.1550979	0.07686479	0.8893147	-0.4477422	-0.06011935
-0.00512088	-0.2396499	0.1544771	1.522376	-0.2278355	0.04185262
0.02409533	-0.3096677	0.2260493	2.086933	0.06087989	0.05991584
0.0628294	-0.3716513	0.2790774	2.497663	0.3240041	-0.05757714
0.08719274	-0.4099974	0.3078588	2.720034	0.4313906	-0.216681
0.1283873	-0.4682908	0.3391702	3.013284	0.5512556	-0.6552306
0.1643316	-0.5247508	0.3590629	3.241655	0.6087025	-1.042877
0.1882355	-0.5899037	0.373985	3.570729	0.4837015	-1.318598
0.1986799	-0.6726422	0.38053	4.05625	0.32453	-1.476209
0.2057456	-0.756076	0.3846488	4.542899	0.3765867	-1.428235
0.2113089	-0.7953776	0.3827898	4.765625	0.5379944	-1.331168
0.2272993	-0.8393223	0.3690956	4.950324	0.7808692	-1.353027
0.2442653	-0.8778151	0.3439161	4.992602	0.928876	-1.606904
0.2507643	-0.9023875	0.3203099	4.969808	0.9537544	-1.815796
0.2457298	-0.9459494	0.2748939	5.04708	0.8985966	-1.981631
0.2202519	-1.007374	0.2183277	5.299275	0.7748559	-1.961334
0.1869188	-1.072892	0.1484756	5.638422	0.5848393	-1.894958
0.1471083	-1.115907	0.07699751	5.968757	0.4062773	-1.567847
0.1013998	-1.126695	0.01674557	6.113915	0.1951157	-0.9754556
0.05936129	-1.107194	-0.03911925	5.900187	0.01258374	-0.5368629
0.04359534	-1.081795	-0.07783677	5.610949	0.05598214	-0.6016689
0.02556159	-1.039996	-0.134708	5.214955	0.1788421	-0.8417872
0.01192723	-1.018312	-0.1710716	5.041659	0.09422073	-0.7738136
-0.009306098	-0.9840431	-0.2259527	4.868496	-0.2022082	-0.3599174
-0.02818055	-0.9515171	-0.283921	4.74876	-0.4390334	-0.005884015
-0.04117664	-0.9297562	-0.3194386	4.724026	-0.6431015	0.1999364
-0.06225203	-0.8741404	-0.3644848	4.714856	-1.001636	0.4986795
-0.07740766	-0.8204184	-0.3717305	4.531013	-1.10529	0.5282038
-0.08108566	-0.776256	-0.358598	4.221876	-1.049561	0.4576646
-0.06753776	-0.7008387	-0.3257739	3.590026	-0.6190367	0.0788067
-0.05947127	-0.6293047	-0.2936472	2.996869	-0.2723932	-0.187794
-0.04411378	-0.5659357	-0.268292	2.503388	-0.1149421	-0.2140416
-0.02830978	-0.5100114	-0.2451949	2.160746	-0.07971317	-0.113545
-0.01921367	-0.4749131	-0.2307719	1.96708	-0.05191529	-0.05950031
-0.01072488	-0.4176345	-0.2016525	1.658603	-0.004141362	-0.03106681
-0.009638135	-0.3568358	-0.1681762	1.320436	0.02496895	-0.002407796
-0.005143404	-0.291425	-0.1270124	0.9615617	0.1295928	0.00185172
-0.002185475	-0.2248643	-0.08351596	0.5690239	0.2162709	-0.02789097
-0.001560046	-0.1529136	-0.04114306	0.1902189	0.2183987	-0.0164974
0.0005990344	-0.1034204	-0.01255528	-0.04976177	0.1772044	0.02924804
0.001887228	-0.02782653	0.0298355	-0.4093065	0.156858	0.04745971
0.002473389	0.05056135	0.0776372	-0.7769676	0.2048699	0.01853652
0.0006228689	0.1074365	0.1136421	-1.05173	0.2254665	0.004870125
-0.002598876	0.1987062	0.1690016	-1.528788	0.2728701	-0.07854368
-0.004993203	0.2907579	0.2195426	-2.056098	0.3985804	-0.2680017
-0.007864051	0.4105051	0.2734011	-2.67327	0.3816395	-0.3682382
-0.002688342	0.4662111	0.2946206	-2.923604	0.2655611	-0.224804
0.004089111	0.5181215	0.3115219	-3.164589	0.1419874	-0.005153959
0.0217534	0.5941553	0.3380928	-3.538021	-0.0005652461	0.3657337
0.03243813	0.6466365	0.3526003	-3.780663	-0.1403607	0.6095867
0.04691659	0.7382531	0.3611743	-4.245351	-0.1860029	1.046183
0.04397731	0.8382843	0.3731283	-4.760188	-0.3509731	1.676088
0.03378234	0.9445429	0.3680755	-5.332752	-0.4541068	1.907582
0.005775414	1.049916	0.3507552	-5.931592	-0.4407036	1.821419
-0.02509464	1.158964	0.3205214	-6.449564	-0.3366338	1.481935
-0.06669601	1.248548	0.2498663	-6.760864	-0.3880784	1.151065
-0.1181854	1.304306	0.1637108	-6.856293	-0.5535564	1.008269
-0.1592601	1.324853	0.07435418	-6.798397	-0.6879627	0.9091503
-0.1740203	1.325318	0.02347698	-6.687593	-0.7053238	0.8229852
-0.1899366	1.304333	-0.05917354	-6.450776	-0.6626866	0.8735971
-0.203058	1.249883	-0.1438174	-6.16577	-0.5965496	1.278075
-0.2127743	1.17511	-0.2013179	-5.678294	-0.4488847	1.581554
-0.2139166	1.098881	-0.2566042	-5.268277	-0.369468	1.6425
-0.2004161	1.014179	-0.3023714	-4.948744	-0.4429898	1.420038
-0.2008626	0.9589932	-0.3217582	-4.706551	-0.5287602	1.178378
-0.1958732	0.8836814	-0.347802	-4.404373	-0.66014	0.9248836
-0.1866153	0.8053634	-0.3708069	-4.10708	-0.6805798	0.8239891
-0.1800674	0.7553592	-0.3760918	-3.933064	-0.672018	0.7470167
-0.1624793	0.6906446	-0.3806922	-3.715928	-0.6675903	0.5506403
-0.154315	0.6267544	-0.3851376	-3.533745	-0.5854604	0.5786287
-0.1418171	0.5467377	-0.3802068	-3.250892	-0.5682931	0.4614488
-0.1387721	0.4693129	-0.3662315	-2.957243	-0.787882	0.2554485
-0.1319893	0.3869022	-0.3372158	-2.600803	-0.989383	0.07317915
-0.1267984	0.3298983	-0.3100064	-2.309283	-1.003189	0.04685766
-0.1051243	0.2247391	-0.2411277	-1.700334	-0.7453745	0.1483805
-0.09642619	0.1799446	-0.2078001	-1.452877	-0.5476454	0.2758274
-0.08031897	0.1148184	-0.1573249	-1.074976	-0.2886783	0.3508495
-0.06077666	0.05295334	-0.1035565	-0.6694946	-0.1917412	0.2843176
-0.04714991	0.01104763	-0.06896997	-0.379085	-0.1851853	0.2121976
-0.03746183	-0.0313451	-0.03270305	-0.0751377	-0.1741134	0.1779514
-0.01771168	-0.1217168	0.05123251	0.5746889	-0.08001769	0.1648826
-2.167373E-05	-0.1859596	0.1094726	1.046142	0.003432692	0.1386585
0.01113666	-0.2266103	0.145527	1.337881	0.04234861	0.09484777
0.03600766	-0.2787024	0.1977043	1.742908	0.1012752	-0.03639822
0.06133898	-0.3259249	0.2430986	2.107409	0.1876935	-0.181394
0.08923376	-0.3751316	0.2815726	2.430043	0.2730905	-0.352111
0.1186632	-0.4253146	0.3132036	2.711733	0.3254695	-0.6154609
0.1490333	-0.4798338	0.3429763	3.037966	0.3661527	-0.8952714
0.1629595	-0.5223991	0.3626068	3.304498	0.377435	-1.025218
0.1853895	-0.6048198	0.3901207	3.790389	0.443133	-1.199004
0.2103287	-0.696483	0.416173	4.352941	0.6976987	-1.077308
0.2201454	-0.7563997	0.429875	4.730065	0.920891	-0.8193216
0.242223	-0.8352437	0.43713	5.177626	1.258714	-0.6117944
0.2808849	-0.9051446	0.4244103	5.411732	1.539887	-0.7379434
0.3163024	-0.9667751	0.3886749	5.480908	1.713545	-1.146302
0.3270789	-1.030233	0.333787	5.639332	1.696257	-1.353008
0.3148709	-1.077891	0.2934785	5.863082	1.56678	-1.366646
0.2912707	-1.152488	0.2170465	6.314466	1.381527	-1.313788
0.2466609	-1.22555	0.08962396	6.738574	1.08553	-1.190926
0.2163041	-1.241754	0.02582818	6.878817	0.8950869	-1.021524
0.1721881	-1.251474	-0.06014911	6.966477	0.6072751	-0.723681
0.145652	-1.25173	-0.1222546	6.927777	0.3957053	-0.5965934
0.09931463	-1.233227	-0.2125671	6.823962	0.2110254	-0.6156862
0.06461311	-1.19546	-0.2970664	6.70838	0.05715933	-0.4714786
0.01509141	-1.132314	-0.3549998	6.460279	-0.256873	-0.2703841
-0.01526118	-1.082938	-0.3891972	6.212518	-0.4323155	-0.2245732
-0.04527694	-0.9894326	-0.4252076	5.741481	-0.5113357	-0.3279034
-0.08741005	-0.8535381	-0.4306293	5.006563	-0.5080232	-0.5147503
-0.09600355	-0.790932	-0.4220002	4.598454	-0.4544277	-0.6238446
-0.103596	-0.6933587	-0.4038773	3.904438	-0.2985109	-0.8126989
-0.1066174	-0.5738527	-0.3544235	3.075897	-0.12686	-0.9133993
-0.1065623	-0.5206553	-0.33151	2.740547	-0.139975	-0.8697463
-0.1030038	-0.4716934	-0.3085917	2.438379	-0.09723461	-0.8529823
-0.09452051	-0.4037196	-0.2658084	2.003493	0.1156538	-0.9637406
-0.08401942	-0.3400604	-0.2253051	1.588306	0.3031774	-1.027473
-0.07777107	-0.3006487	-0.1978547	1.322747	0.3536443	-0.9609954
-0.06853352	-0.2462905	-0.1540041	0.9917091	0.3690811	-0.8246602
-0.05199285	-0.1959583	-0.1111826	0.6415796	0.453241	-0.7559527
-0.03566696	-0.1465254	-0.06850928	0.2987932	0.6398277	-0.7602972
-0.01894443	-0.09785961	-0.03447122	0.02892506	0.6981985	-0.6751204
-0.002663197	-0.04924063	0.002477728	-0.1852876	0.579338	-0.4339609
0.007406149	-0.01654583	0.03046065	-0.3399519	0.4842413	-0.2412011
0.02713485	0.04000678	0.07280239	-0.6488718	0.5113199	-0.08191319
0.04479294	0.1107874	0.1290869	-1.080174	0.6852173	-0.07402511
0.05087128	0.1642403	0.1724828	-1.425692	0.7294474	-0.06411287
0.06090985	0.2869457	0.257137	-2.188228	0.8070772	-0.08467573
0.06854587	0.3501793	0.2914075	-2.570853	0.8633438	-0.1109164
0.08403914	0.4456632	0.3351243	-3.102089	0.8172928	-0.0145141
0.08817952	0.5394335	0.3659417	-3.580559	0.5475522	0.2687126
0.09601797	0.626538	0.3840682	-4.012242	0.2141521	0.7068717
0.1051952	0.713922	0.3883556	-4.399318	-0.1176444	1.259773
0.1062682	0.7743931	0.3946165	-4.694232	-0.2354115	1.527596
0.1016842	0.8671364	0.3996618	-5.191879	-0.4184548	1.852265
0.0757606	0.9716993	0.3902938	-5.695185	-0.5353174	2.10674
0.05436113	1.040264	0.3639292	-6.037755	-0.4655102	2.03896
-0.008841234	1.159461	0.308756	-6.552033	-0.61545	2.11912
-0.0351817	1.214799	0.2675518	-6.71905	-0.6202591	2.128599
-0.08613414	1.270894	0.1873432	-6.88919	-0.6254008	1.956335
-0.1324189	1.302239	0.107231	-6.929934	-0.6144779	1.542362
-0.1708809	1.310335	0.01844021	-6.775676	-0.6507413	1.13698
-0.188138	1.292415	-0.03661384	-6.574132	-0.7063231	1.098567
-0.2363523	1.263713	-0.1153465	-6.266299	-0.8313561	1.314277
-0.274275	1.221978	-0.1760368	-6.03924	-0.9679425	1.572193
-0.2945272	1.174574	-0.2525981	-5.832442	-0.9759123	1.663661
-0.3045951	1.138102	-0.2929838	-5.632012	-0.9878433	1.600435
-0.3274882	1.071602	-0.3454854	-5.364184	-1.104991	1.447117
-0.3291535	1.001195	-0.3898895	-5.099044	-1.199442	1.245638
-0.3234019	0.9293696	-0.4169576	-4.773184	-1.260869	0.9923332
-0.3177528	0.8836384	-0.4344165	-4.606122	-1.288588	0.8245945
-0.2942888	0.804267	-0.4448261	-4.376582	-1.237945	0.7338943
-0.2694725	0.7197876	-0.4465856	-4.051106	-1.129042	0.6664066
-0.2440821	0.6173691	-0.4272832	-3.552785	-1.096918	0.5899683
-0.2174486	0.5084552	-0.3874318	-2.996292	-1.04346	0.5519853
-0.1903787	0.404043	-0.3330616	-2.401029	-0.8617891	0.5218726
-0.1681307	0.3365885	-0.2893227	-2.001806	-0.7054362	0.5197824
-0.1358684	0.2421022	-0.2206928	-1.427844	-0.4334078	0.4899198
-0.1066467	0.1650509	-0.1616292	-0.5788393	-0.1057885	0.3048258
-0.07250621	0.04460798	-0.05455579	0.4653907	0.01026453	0.03798039
-0.03966234	-0.03412664	0.006138092	0.8765909	-0.1190412	-0.3314094
-0.01312352	-0.1051754	0.06003182	1.128349	-0.09000743	-0.4565768
0.01397472	-0.1755862	0.1191191	1.479689	-0.03958101	-0.5393098
0.02960599	-0.2224879	0.1621531	1.767558	-0.004773825	-0.5924899
0.06144905	-0.3039643	0.2261754	2.239402	0.09328529	-0.5963879
0.0731563	-0.3608094	0.2643666	2.562491	0.1868733	-0.5296596
0.1029559	-0.4405982	0.3139547	3.04153	0.4392684	-0.5992129
0.1563654	-0.5302907	0.3613203	3.500679	0.7512159	-0.9797902
0.1889857	-0.5658637	0.3746731	3.643744	0.889504	-1.303145
0.2262049	-0.6163455	0.3904284	3.856142	1.005958	-1.502388
0.2532694	-0.6758686	0.4024565	4.13061	0.9719608	-1.570031
0.2688998	-0.7543653	0.3985222	4.440891	0.9308617	-1.771642
0.2845731	-0.8316869	0.3821664	4.739799	0.999862	-1.820213
0.2892284	-0.9213737	0.3637775	5.154651	1.037312	-1.687298
0.2960195	-0.9681069	0.3463725	5.31718	1.058374	-1.647072
0.3000441	-1.02133	0.3106864	5.515028	1.143466	-1.384819
0.3063159	-1.062047	0.2695213	5.645318	1.242473	-1.17932
0.3064556	-1.080727	0.2340015	5.620597	1.231177	-1.155989
0.2946202	-1.09793	0.1715576	5.539256	1.196857	-1.252842
0.2953749	-1.118689	0.127534	5.506351	1.180985	-1.313369
0.2378296	-1.110151	0.01097937	5.020555	0.8092644	-0.8884763
0.2070826	-1.123479	-0.03653967	5.290651	0.7708178	-0.7543048
0.1923667	-1.160008	-0.1190965	5.963093	0.8918149	-1.020895
0.1677006	-1.184944	-0.184279	6.204398	0.7031862	-1.05673
0.08356792	-1.176813	-0.3071263	6.420648	-0.01325051	-0.5855929
0.04163634	-1.156749	-0.3628965	6.501199	-0.3673196	-0.2282188
-0.00980374	-1.102622	-0.4310756	6.399535	-0.6784118	0.0138023
-0.04912021	-1.023958	-0.4704359	5.988998	-0.7511716	-0.1105585
-0.0832383	-0.928192	-0.4866193	5.304953	-0.6305104	-0.4050709
-0.1000031	-0.8257917	-0.484406	4.545995	-0.3489079	-0.7179562
-0.1098272	-0.7606563	-0.4756907	4.083143	-0.3643114	-0.7596837
-0.1249751	-0.6704148	-0.4548858	3.427245	-0.6062298	-0.6248657
-0.1174147	-0.5847037	-0.4260845	2.808247	-0.6251479	-0.5382097
-0.1005529	-0.5069461	-0.3894248	2.316573	-0.5593727	-0.4391776
-0.084962	-0.4288531	-0.3401195	1.866035	-0.5655378	-0.2213873
-0.0715039	-0.3762184	-0.3009808	1.523115	-0.4890298	-0.1096152
-0.046842	-0.2964775	-0.2356296	0.9307843	-0.1246222	-0.149183
-0.02428414	-0.2155108	-0.1678501	0.3398947	0.3148687	-0.2848131
-0.005481239	-0.1377887	-0.1029465	-0.1797483	0.546717	-0.2997539
0.02831849	-0.05468694	0.02137914	-0.6072983	0.643663	-0.246675
0.04072594	-0.01310709	0.05118294	-0.8205588	0.6849878	-0.1986652
0.05910333	0.04449803	0.09274432	-1.061556	0.663008	-0.04061744
0.072565	0.1031719	0.1295228	-1.277727	0.5330077	0.2036364
0.0796439	0.1443165	0.1566991	-1.435037	0.4173886	0.388829
0.08616497	0.210417	0.2001166	-1.739097	0.2827799	0.6167336
0.09635797	0.3115965	0.261695	-2.286167	0.265291	0.7273164
0.09994209	0.3683032	0.2895491	-2.586889	0.225453	0.787896
0.1053385	0.4514777	0.3306267	-3.034642	0.1389915	0.9524603
0.107008	0.5395122	0.3614937	-3.489742	0.1275085	1.085753
0.1171836	0.635936	0.3840591	-3.953626	0.1127857	1.191976
0.1113209	0.7284099	0.3980229	-4.41928	0.01883671	1.349852
0.09796919	0.7938967	0.403849	-4.725454	-0.08371195	1.468154
0.07720175	0.8898315	0.3948402	-5.153491	-0.2075593	1.578605
0.04604064	0.9824867	0.3753361	-5.555162	-0.2747309	1.574549
0.02181677	1.045048	0.3637494	-5.818464	-0.2876042	1.488356
-0.0129427	1.136568	0.324995	-6.205422	-0.2652965	1.214036
-0.05982674	1.215676	0.2623507	-6.496032	-0.3281992	0.938701
-0.1112873	1.274052	0.1856141	-6.62332	-0.5177504	0.8105286
-0.1365817	1.301664	0.1314579	-6.618623	-0.6343915	0.6819769
-0.1724225	1.320195	0.04171445	-6.509864	-0.763955	0.4464366
-0.1917688	1.306693	-0.04482964	-6.377018	-0.8929199	0.3145151
-0.2126471	1.278649	-0.1320389	-6.248785	-0.9884022	0.2384844
-0.2174006	1.237342	-0.2150741	-6.125019	-0.9264673	0.2906936
-0.2169592	1.178421	-0.2795612	-5.891678	-0.8443689	0.516866
-0.2246636	1.109508	-0.3407031	-5.727938	-0.8825497	0.4593751
-0.2157844	1.033862	-0.3950577	-5.56798	-0.9842023	0.2697527
-0.218914	0.9848267	-0.4218923	-5.418627	-1.034524	0.291081
-0.2186602	0.8939139	-0.451427	-5.018994	-1.059643	0.2335941
-0.2231066	0.8012578	-0.4609855	-4.603015	-1.111043	0.3403598
-0.2182459	0.7033737	-0.4556876	-4.139696	-1.028651	0.4710526
-0.219403	0.6381153	-0.4411574	-3.887121	-0.9365015	0.5800667
-0.2051898	0.5498088	-0.4138943	-3.432165	-0.8262554	0.5353064
-0.182755	0.4583367	-0.3725444	-2.911615	-0.6982944	0.4509892
-0.176622	0.4057938	-0.3464868	-2.63494	-0.5890194	0.5045733
-0.1654821	0.3223553	-0.3006901	-2.212319	-0.4229221	0.4855034
-0.1496735	0.2563474	-0.2612764	-1.822643	-0.3146956	0.4903128
-0.1359038	0.1989061	-0.2224369	-1.469945	-0.2789255	0.4911936
-0.1190885	0.1481007	-0.1825051	-1.133088	-0.2633143	0.4317059
-0.1087461	0.119511	-0.1548121	-0.8978366	-0.2329418	0.3869334
-0.08692486	0.07606699	-0.1125731	-0.5338712	-0.1939202	0.3020056
-0.06572548	0.03537081	-0.07190816	-0.2083741	-0.1363693	0.2606003
-0.04475196	0.002428569	-0.03147382	0.09840396	-0.1351182	0.1774952
0.1716526	-0.2551994	0.2511486	2.841902	-0.1652276	-1.580726
0.1862327	-0.2684172	0.2622022	2.94699	-0.1340809	-1.678223
