velx	vely	velz	angx	angy	angz
-0.0003993697	-0.02893922	0.003585326	0.3197065	-0.2494942	0.2637238
-0.01647608	0.003250455	-0.006105313	0.06816461	-0.1976138	0.2523948
0.007933835	-0.05403388	0.0100478	0.5828448	0.190892	0.3547739
-0.005012673	0.02568501	-0.008267391	-0.01670191	0.05675101	0.2066192
-0.005012673	0.02568501	-0.008267391	-0.01670191	0.05675101	0.2066192
-0.005012673	0.02568501	-0.008267391	-0.01670191	0.05675101	0.2066192
-0.005012673	0.02568501	-0.008267391	-0.01670191	0.05675101	0.2066192
-0.005012673	0.02568501	-0.008267391	-0.01670191	0.05675101	0.2066192
-0.005012673	0.02568501	-0.008267391	-0.01670191	0.05675101	0.2066192
-0.005012673	0.02568501	-0.008267391	-0.01670191	0.05675101	0.2066192
-0.004774758	0.02623181	-0.01115978	-0.05676731	0.09321328	0.1274224
0.001930831	0.02473079	-0.01447564	-0.0792622	0.1811866	-0.1496074
0.005343456	0.01693945	-0.01710295	-0.0731414	0.2705603	-0.2309111
0.007406916	0.01440449	-0.01574234	-0.08067017	0.2847703	-0.1633199
0.01393731	0.008394328	-0.01725906	-0.08621819	0.225846	-0.1165368
0.01334748	0.005263668	-0.0137119	-0.09115154	0.1058906	-0.1431741
0.01151307	0.0044694	-0.009904257	-0.07530631	-0.001999355	-0.1467546
0.009796033	0.003849547	-0.006266309	-0.06326507	-0.04072316	-0.1462582
0.006204453	0.001094917	-0.002277743	-0.07080512	-0.06865041	-0.1381765
0.003586469	-0.003475916	0.001960336	-0.1273883	-0.05816691	-0.1926259
0.006445329	-0.003086868	0.001920973	-0.2125926	-0.02040171	-0.2216316
0.005684338	-0.002446472	0.0003333176	-0.2525268	0.002735555	-0.2057517
0.006815343	-0.001324938	-0.001176128	-0.2470153	0.01195623	-0.241694
0.008504437	-0.002611376	-0.0009373645	-0.1267959	-0.007044013	-0.2903321
0.007224503	-0.007592495	0.0004946712	0.03321206	-0.02764116	-0.2477928
0.004266376	-0.01347972	0.002975201	0.113303	-0.02752312	-0.1616587
0.005923998	-0.01781383	0.004523497	0.1504745	-0.03155707	-0.05815732
0.005124171	-0.02232385	0.008155158	0.09903392	-0.05362234	0.0416545
0.003400155	-0.02499253	0.01035437	-0.05830356	-0.09218446	0.009407558
0.002303421	-0.02406629	0.00901645	-0.2266078	-0.08628067	-0.005244461
0.001413326	-0.02340305	0.004248523	-0.3670087	-0.06605858	-0.009799268
0.004697745	-0.01462232	-0.0007704382	-0.4772775	-0.0625767	-0.03565241
0.005176982	-0.01180735	-0.001284097	-0.5062801	-0.06641447	-0.05494133
0.004344788	-0.005918335	-0.0006723399	-0.5296318	-0.05676821	-0.06036227
0.004752082	-0.00147394	-0.001445957	-0.5540088	-0.04478697	-0.08661009
0.004084591	0.00508886	-0.001231512	-0.5986468	-0.0258388	-0.03829661
0.004770475	0.01574781	-0.002588446	-0.648902	-0.01974589	-0.04502354
0.005659539	0.02142199	-0.001752676	-0.6412457	-0.02601205	-0.03568407
0.007821996	0.02979445	-0.00192567	-0.6005252	-0.04414634	0.02701416
0.006802909	0.0403645	-0.0001018969	-0.5963965	-0.06603442	0.04484381
0.006628156	0.05319184	0.001460026	-0.6791652	-0.04997281	0.08345664
0.009297553	0.0641244	0.0008235773	-0.8517514	-0.0007378401	0.1543649
0.009626111	0.06935894	-0.003181639	-1.007961	0.02664739	0.2108749
0.008287319	0.07265769	-0.0103074	-1.225397	0.009158473	0.2812421
0.003826217	0.07146888	-0.0139654	-1.367774	-0.02078504	0.2072544
0.003609707	0.07669237	-0.01354956	-1.477822	0.01181499	0.1291923
0.005987884	0.08236132	-0.01279302	-1.519435	0.05217699	0.07103322
0.01209352	0.09185471	-0.008700101	-1.604069	0.1639965	-0.08078453
0.01584304	0.1023387	-0.005598551	-1.701947	0.2196542	-0.1462101
0.02174074	0.1271163	-0.006038018	-1.931891	0.298338	-0.1126618
0.02571216	0.1442395	-0.008293038	-2.088562	0.3354684	-0.03104187
0.02879711	0.162618	-0.01541598	-2.241211	0.3453172	0.1480187
0.02338771	0.1691512	-0.03141877	-2.288172	0.2824894	0.3588175
0.01730316	0.167375	-0.03576167	-2.228991	0.1508095	0.409211
0.01272269	0.1649562	-0.03395124	-2.178682	0.1002253	0.4080816
0.007490379	0.1633824	-0.02946139	-2.232851	0.1067018	0.2970468
0.008466369	0.1706462	-0.03338133	-2.466918	0.1908408	0.152226
0.01326986	0.1881165	-0.04247656	-2.896928	0.3239192	0.1370474
0.01470244	0.2035024	-0.05859406	-3.432577	0.3975279	0.1563746
0.0130655	0.2092166	-0.07970857	-3.813995	0.40343	0.2677841
0.00829826	0.1951837	-0.08658242	-3.829284	0.3755262	0.387867
0.003147785	0.1666549	-0.08480016	-3.629154	0.2728728	0.4567358
0.00541789	0.1507972	-0.07759301	-3.459862	0.1718201	0.4324026
0.004304588	0.1522403	-0.07462919	-3.433803	0.136084	0.4516561
0.004539611	0.1738372	-0.08276276	-3.531824	0.107709	0.4222936
0.005291823	0.1976245	-0.1009651	-3.649392	0.03050653	0.2723204
0.009228382	0.2053965	-0.1130003	-3.762883	-0.01708585	0.1232825
0.00594195	0.1905747	-0.1265119	-3.803937	0.09717384	0.3158725
0.002989801	0.1490326	-0.1258321	-3.581885	0.006952992	0.3763522
-0.002742274	0.1147605	-0.1132912	-3.275081	-0.1308366	0.3493021
-0.0004771579	0.09881631	-0.09394214	-2.688049	-0.2218908	0.1231602
0.007785802	0.09810785	-0.0917286	-2.495428	-0.09498841	0.08637018
0.01194811	0.106337	-0.08770928	-2.392	-0.03683989	0.07861117
0.01154702	0.112566	-0.09136321	-2.479209	-0.08494607	0.1736632
0.008006099	0.1127042	-0.09753978	-2.571627	-0.01271032	0.3311456
-0.008512517	0.1028002	-0.1193332	-2.669488	0.06751819	0.57604
-0.02000878	0.09727746	-0.1258694	-2.574177	0.06209999	0.6381757
-0.02469605	0.08224602	-0.1142782	-2.262341	0.01010184	0.6210327
-0.03033901	0.06395389	-0.09697235	-2.015675	0.2219119	0.7409017
-0.02849061	0.05443582	-0.08598974	-1.886727	0.1051834	0.7219408
-0.02579958	0.04796157	-0.08333687	-1.797752	-0.04347058	0.6441671
-0.01989912	0.03982563	-0.07684662	-1.56535	-0.1483045	0.4608764
-0.008682956	0.03156139	-0.06300719	-1.148053	-0.2114045	0.1810345
0.001075979	0.02064147	-0.04385602	-0.5408303	-0.2085546	-0.07529598
0.01642649	0.007922519	-0.01231877	0.150354	-0.2437125	-0.2825104
0.02462083	-0.00257785	0.0152064	0.6215442	-0.2655505	-0.3797354
0.02994183	-0.01995769	0.04151934	1.328848	-0.2479271	-0.457944
0.03042522	-0.0279028	0.06891753	1.973837	-0.2471761	-0.5325361
0.0315264	-0.03020072	0.08429425	2.322285	-0.2214541	-0.5874026
0.03434626	-0.04284567	0.1089725	2.863353	-0.2160156	-0.6778436
0.03312564	-0.05447993	0.1205445	3.096003	-0.2094474	-0.6769357
0.03219023	-0.0698614	0.1331891	3.380692	-0.3087581	-0.7433027
0.03289804	-0.08193611	0.141572	3.530905	-0.3668178	-0.8273352
0.02794696	-0.114352	0.1548495	3.804144	-0.4197907	-1.003591
0.02298509	-0.1336574	0.1625491	3.982747	-0.461394	-1.107537
0.01786874	-0.1597805	0.1753533	4.306212	-0.4561618	-1.231118
0.01090938	-0.1737169	0.1802227	4.509581	-0.3078627	-1.149317
0.01286311	-0.170224	0.1779202	4.47386	-0.2969031	-1.066212
0.007171805	-0.1665812	0.1638692	4.218431	-0.3815257	-0.9175983
0.004160943	-0.1624083	0.1432414	3.919237	-0.563464	-0.847849
0.0004030608	-0.1663084	0.1318255	3.769521	-0.6926666	-0.8749191
-0.01349314	-0.1909312	0.126076	3.680666	-0.7757455	-0.8704949
-0.02062561	-0.2076728	0.1207389	3.71781	-0.7558665	-0.8550885
-0.02593297	-0.2279931	0.1203432	3.799632	-0.6735749	-0.8693001
-0.02480962	-0.2767486	0.1125946	4.116916	-0.3170082	-0.7303279
-0.03269662	-0.2950331	0.1058374	4.27597	-0.1940973	-0.6050745
-0.03150184	-0.3034911	0.09575567	4.470969	-0.1580347	-0.6403226
-0.02197531	-0.3178077	0.08492365	4.669494	-0.1492066	-0.5805299
-0.02007665	-0.3422029	0.07512644	4.844854	-0.1739081	-0.4897114
-0.01764701	-0.3547791	0.06513423	4.88485	-0.196102	-0.3741464
-0.01995158	-0.3729653	0.03836509	4.830298	-0.2578283	-0.239592
-0.02283453	-0.388833	0.01291475	4.663629	-0.3770669	-0.371155
-0.021408	-0.3678802	-0.004593093	4.351362	-0.3372032	-0.448923
-0.01354029	-0.3349824	-0.009433417	4.080744	-0.2150525	-0.4929698
0.01908934	-0.2662369	-0.02104534	3.749748	0.153689	-0.35071
0.02252154	-0.2646645	-0.03415137	3.88258	0.1912889	0.3013237
0.02444621	-0.2800018	-0.06022555	4.218181	0.08121804	1.083394
0.02034648	-0.2825979	-0.06762283	4.323258	-0.07045118	1.243744
0.007468901	-0.2289508	-0.04854888	3.995498	-0.4194748	1.079
-0.006847925	-0.1980879	-0.03169237	3.549858	-0.5879238	0.6222354
-0.008278262	-0.199151	-0.03468958	3.223682	-0.5409791	0.2475708
-0.01296495	-0.183101	-0.04114142	2.576385	-0.4019512	-0.03180122
-0.01021611	-0.1518228	-0.03980045	1.98122	-0.2600763	0.01836586
-0.001182047	-0.1143815	-0.03166464	1.59544	-0.2037809	0.2252276
0.001792592	-0.1032115	-0.02778885	1.491422	-0.2500148	0.3696026
0.004180409	-0.0953102	-0.02452312	1.417768	-0.3586005	0.4279004
-0.0002652471	-0.09372014	-0.01880667	1.332996	-0.4674894	0.3617997
0.0002962136	-0.0879551	-0.008436923	1.181377	-0.5093586	0.3091996
-0.002705556	-0.07706217	-0.004759842	0.9538581	-0.4907396	0.190979
-0.007037959	-0.06837877	0.0002950042	0.7697578	-0.4616307	0.1406016
-0.005108688	-0.05313358	0.008961824	0.4338494	-0.3862443	0.09544151
-0.01227538	-0.02740384	0.01765105	-0.07834611	-0.3269263	0.04932635
-0.00788987	0.00976846	0.02397677	-0.7588461	-0.1502172	-0.1446678
-0.004126814	0.05379435	0.03864669	-1.526886	-0.0424319	-0.1374797
-0.003043903	0.09072762	0.05096173	-2.095133	-0.01974464	-0.01347294
-0.002441677	0.1590263	0.06259853	-2.949213	-0.0539984	0.312321
-0.005825247	0.1921598	0.06606134	-3.432662	-0.029905	0.4838917
-0.0183975	0.2503467	0.05998112	-4.156715	0.09911483	0.6559864
-0.01622557	0.2847343	0.05443347	-4.400697	0.1291737	0.7163838
-0.01793142	0.3123147	0.0488205	-4.594186	0.1556931	0.587154
-0.01771272	0.3321209	0.04533927	-4.667658	0.07958159	0.4803
-0.01321484	0.368271	0.05300904	-4.881931	-0.01022864	0.357719
-0.0154252	0.3994706	0.05117488	-5.142802	-0.1035398	0.3470338
-0.02990716	0.5013114	-0.194765	-7.653107	-0.2423912	1.065143
-0.03271412	0.4953773	-0.2208535	-7.808974	-0.2801612	1.039029
-0.03271412	0.4953773	-0.2208535	-7.808974	-0.2801612	1.039029
-0.03271412	0.4953773	-0.2208535	-7.808974	-0.2801612	1.039029
-0.03271412	0.4953773	-0.2208535	-7.808974	-0.2801612	1.039029
-0.03271412	0.4953773	-0.2208535	-7.808974	-0.2801612	1.039029
-0.03271412	0.4953773	-0.2208535	-7.808974	-0.2801612	1.039029
-0.03271412	0.4953773	-0.2208535	-7.808974	-0.2801612	1.039029
-0.03327583	0.4925175	-0.2306055	-7.906035	-0.2537541	1.066749
0.01408773	0.1205004	-0.1927624	-4.445613	-0.3530589	0.9572668
0.001354326	0.07402434	-0.1436798	-3.196941	-0.248418	0.9090251
-0.000412774	0.0670125	-0.1221716	-2.505414	-0.2094742	0.7537314
0.005958013	0.05231418	-0.07434193	-1.198234	-0.1404234	0.3948151
0.01146524	0.04945181	-0.0534045	-0.8883733	-0.1480492	0.2894616
0.0151154	0.04304268	-0.01606211	-0.04298095	-0.2524211	-0.03674448
0.02675395	0.02651678	0.007636236	0.5936845	-0.3256377	-0.2738327
0.03160235	0.02304761	0.02867011	0.9147983	-0.2621781	-0.3496392
0.03160235	0.02304761	0.02867011	0.9147983	-0.2621781	-0.3496392
0.03160235	0.02304761	0.02867011	0.9147983	-0.2621781	-0.3496392
0.03160235	0.02304761	0.02867011	0.9147983	-0.2621781	-0.3496392
0.03160235	0.02304761	0.02867011	0.9147983	-0.2621781	-0.3496392
0.03160235	0.02304761	0.02867011	0.9147983	-0.2621781	-0.3496392
0.03160235	0.02304761	0.02867011	0.9147983	-0.2621781	-0.3496392
0.0397938	0.005422459	0.07154673	1.483513	-0.2558412	-0.4838152
0.04114938	-0.01143979	0.1038932	1.766593	-0.2460424	-0.5375671
0.04244981	-0.02635646	0.1130813	1.793707	-0.132726	-0.4949211
0.03399643	-0.04278211	0.1171635	1.780481	-0.02539623	-0.4305856
0.02768739	-0.06289679	0.116971	1.881185	-0.01738009	-0.4443256
0.02938882	-0.07730488	0.1263596	2.233016	-0.02270508	-0.504475
0.02513163	-0.08560387	0.1306883	2.566551	-0.02832764	-0.5597973
0.02181256	-0.09808147	0.1481305	3.397713	-0.02902118	-0.7877522
0.02091184	-0.1066086	0.1608226	3.890593	0.03600344	-0.9047803
0.02736675	-0.1344464	0.1778487	4.716529	0.1738211	-1.079817
0.0391541	-0.1525141	0.2001589	5.4457	0.5169795	-1.06642
0.03643008	-0.1699507	0.2140426	5.810149	0.5287677	-1.104367
0.04371818	-0.1932656	0.2201225	6.080255	0.2918806	-1.307474
0.04292179	-0.2253934	0.2213709	6.148278	0.2149963	-1.426055
0.0391367	-0.2651611	0.2246606	6.18117	0.2524717	-1.492036
0.03648254	-0.3140446	0.2279368	6.097353	0.3294034	-1.406183
0.02704433	-0.3437358	0.220638	5.822204	0.3425973	-1.250499
0.02211099	-0.3679908	0.17992	4.855518	0.2465878	-1.073836
0.01348209	-0.3646289	0.1582486	4.337413	0.2143922	-1.025623
0.004546771	-0.3625578	0.1192643	3.692613	0.1898555	-1.075585
0.005509375	-0.360177	0.08233112	3.316009	0.2561533	-1.05794
-0.001143088	-0.3585519	0.06402117	3.181917	0.3233943	-1.021188
0.0005842173	-0.3466497	0.04344815	3.160478	0.4462668	-0.846794
0.004775076	-0.3252559	0.02197514	3.291083	0.4432631	-0.6166011
-0.00253011	-0.31038	0.01032496	3.564796	0.2679999	-0.3067451
-0.01198076	-0.3085816	0.01295347	3.920676	0.04460269	-0.2169829
-0.01191723	-0.2995285	0.01383405	4.074059	-0.1199468	-0.4626692
-0.006820597	-0.3000845	0.005973371	4.105775	-0.1487219	-0.5972294
-0.002540446	-0.3057607	-0.005212954	4.154856	-0.1688952	-0.5723403
-0.005165774	-0.3141882	-0.01048118	4.119379	-0.2481108	-0.5416117
-0.006303967	-0.3307223	-0.0240391	3.961665	-0.4154663	-0.5210858
-0.01129931	-0.340946	-0.04203074	3.715355	-0.5829826	-0.3350106
-0.02090374	-0.3437626	-0.0572103	3.466086	-0.6810459	-0.3334567
-0.02937423	-0.3363269	-0.06063551	3.216852	-0.6264731	-0.3392359
-0.02503245	-0.3324989	-0.06766415	2.983393	-0.4808367	-0.3645856
-0.01521877	-0.3215095	-0.0657328	2.795643	-0.4044468	-0.3756146
-0.006471926	-0.3013322	-0.06568553	2.4576	-0.3549076	-0.1298321
-0.001704938	-0.2906904	-0.06963094	2.290315	-0.3977237	0.2599022
-0.000664123	-0.290808	-0.07442459	2.32396	-0.4805899	0.4295477
-0.001594472	-0.297524	-0.08105681	2.402894	-0.4786531	0.2823611
-0.003392579	-0.3014346	-0.08990516	2.431821	-0.4293671	0.09310952
-0.007391186	-0.2962032	-0.09321392	2.318492	-0.3675964	0.01842938
-0.003646248	-0.286618	-0.09447138	2.078455	-0.3467766	-0.02914327
-0.004038845	-0.264251	-0.08940336	1.674438	-0.3131392	0.005666622
-0.005193943	-0.2277448	-0.07976686	1.128391	-0.2520389	0.1193539
-0.01095881	-0.1995637	-0.07448322	0.7772752	-0.2698384	0.2169634
-0.01121637	-0.1663994	-0.06962042	0.3706153	-0.2164778	0.1170774
-0.00848905	-0.1252396	-0.06071804	0.001584582	-0.1078531	-0.009160218
-0.009445365	-0.08931875	-0.04614654	-0.2408677	-0.0873243	0.02161822
-0.01062762	-0.03650084	-0.02546135	-0.4053437	-0.1209758	0.04661574
-0.009879307	0.01064017	-0.003625036	-0.2646348	-0.07638846	-0.07274411
-0.006420496	0.03178392	0.01132925	-0.2836468	-0.03519563	-0.08176044
-0.00183475	0.07122403	0.03184439	-0.6616515	-0.03889006	-0.005440566
0.000257555	0.1068674	0.04658439	-1.125787	-0.1255339	0.09374004
-0.009398378	0.1986432	0.07788651	-2.427746	-0.3660754	0.5888501
-0.01654614	0.2488319	0.0901763	-3.163603	-0.4105739	0.8374978
-0.01787872	0.3347236	0.09091098	-4.100179	-0.2230869	0.785743
-0.02246945	0.3684047	0.08633933	-4.234253	0.008805768	0.4665404
-0.01422002	0.3778925	0.07903107	-3.794843	0.2648012	0.4388058
-0.009004085	0.3808835	0.07892165	-3.576219	0.2554288	0.4821548
-0.0003616798	0.3873262	0.0738542	-3.547115	0.1145513	0.3249188
-0.007815566	0.4351104	0.07231686	-4.1583	-0.1843794	0.6775081
-0.01751846	0.4771863	0.05808868	-4.640507	-0.2717306	0.933519
-0.03361813	0.5578798	0.02961276	-5.345319	-0.3308041	1.327083
-0.04505748	0.5959575	-0.002561201	-5.535952	-0.3834636	1.424552
-0.0605866	0.5966761	-0.05310718	-5.205038	-0.5157357	1.51906
-0.06636354	0.5453637	-0.07511272	-4.54722	-0.5221715	1.457902
-0.0614155	0.4884993	-0.07647254	-3.978358	-0.3821392	1.086789
-0.05119615	0.4439336	-0.0735568	-3.727855	-0.1957554	0.5547153
-0.02146568	0.4416836	-0.08349698	-3.810445	-0.1079112	0.1311612
-0.01413829	0.4594725	-0.09400223	-3.983275	-0.1738712	-0.01016479
-0.01341547	0.4867208	-0.1141295	-4.199637	-0.224795	0.1187669
-0.01574007	0.5248488	-0.1498232	-4.448499	-0.250768	0.5765639
-0.02972624	0.5496257	-0.1840858	-4.520486	-0.3794032	0.947397
-0.04049113	0.5583121	-0.2195376	-4.459351	-0.4773239	1.101477
-0.05239874	0.5518488	-0.2452889	-4.273469	-0.3665352	1.054988
-0.05348397	0.5507473	-0.2498628	-4.253282	-0.3172788	1.014957
-0.04989724	0.5476689	-0.2657917	-4.283434	-0.2646647	0.769057
-0.04435508	0.5468365	-0.2938674	-4.528748	-0.2243714	0.5952855
-0.02531953	0.5387239	-0.3279291	-4.717071	-0.4321002	0.1578867
-0.01378345	0.5254843	-0.3412038	-4.65413	-0.4568149	0.0003276091
0.002339346	0.4947051	-0.3461421	-4.304904	-0.5552676	-0.2126493
0.01250762	0.4787026	-0.3454669	-4.067301	-0.5989906	-0.2931757
0.01934587	0.4366083	-0.3363108	-3.673665	-0.5168654	-0.1382539
0.0235014	0.4026844	-0.3285753	-3.407407	-0.5599164	-0.0572657
0.01257908	0.3348391	-0.281884	-2.705769	-0.4193295	0.1497273
0.009495824	0.2895075	-0.2376184	-2.109646	-0.2444154	0.2341435
0.00665597	0.2260938	-0.1790046	-1.282194	-0.0595337	0.2267853
0.008219124	0.1310478	-0.088869	-0.4180142	0.1897333	0.1745462
0.01470008	0.08282941	-0.0378025	-0.05681531	0.2856418	0.1256436
0.02033473	0.008922711	0.02596622	0.3867213	0.3157509	-0.01639632
0.03740463	-0.08831371	0.1051886	1.166316	0.1800848	-0.3880117
0.05059699	-0.1582507	0.1665228	1.943053	0.175946	-0.6497102
0.06143271	-0.2031816	0.2054806	2.477249	0.1559198	-0.7834573
0.06690542	-0.2466476	0.2385538	2.944125	0.1184036	-0.8758744
0.07532466	-0.3144038	0.2901255	3.483879	0.1222974	-0.9130854
0.07161143	-0.3720683	0.3180223	3.822598	0.1924278	-0.7992364
0.06365211	-0.4150691	0.3282373	4.079075	0.2821251	-0.5986983
0.05613403	-0.4441594	0.3276555	4.3056	0.3290866	-0.4804302
0.05006664	-0.4902309	0.3376575	4.734902	0.2943784	-0.4919873
0.04042311	-0.5337216	0.3439278	5.112887	0.1811278	-0.7558091
0.03706178	-0.5635536	0.330393	5.348593	0.05486641	-1.311239
0.04056364	-0.5919225	0.3168965	5.555977	0.2960536	-1.492002
0.04520654	-0.6109683	0.3078538	5.672739	0.4857032	-1.370975
0.0474202	-0.6425828	0.2941696	5.749317	0.5445929	-1.222647
0.04133487	-0.6910077	0.2680344	5.79493	0.4551581	-0.993545
0.03022009	-0.7239051	0.238599	5.822908	0.4562944	-0.7624491
0.03318798	-0.760448	0.2073019	5.91116	0.5799763	-0.6274726
0.02842267	-0.7761925	0.1655597	5.794023	0.5355315	-0.6660553
0.02277336	-0.7659361	0.1253603	5.470866	0.3056476	-1.085667
0.01541954	-0.7688754	0.08569606	5.28515	0.2080061	-1.298995
0.006804264	-0.7865687	0.05004441	5.454388	0.1661444	-1.232149
-0.007224329	-0.8093017	0.007300751	5.859741	0.0588963	-1.095085
-0.01812404	-0.8243072	-0.03078429	6.218733	-0.01919637	-1.015621
-0.02935018	-0.8186623	-0.06179759	6.291925	-0.06471197	-0.9953907
-0.0312356	-0.7454962	-0.07487541	5.889336	-0.02212088	-1.19484
-0.02709706	-0.711965	-0.06832402	5.669448	0.01281576	-1.136167
-0.003252788	-0.6011899	-0.03671008	4.772007	0.04164619	-0.8658979
-0.005187313	-0.5147095	-0.04503243	3.907591	-0.3479717	0.0926118
-0.02484579	-0.4520307	-0.0622214	3.074011	-0.6236104	0.6465734
-0.051383	-0.3712986	-0.06431684	2.299511	-0.5886795	0.6197088
-0.0569032	-0.2914915	-0.0632557	1.725872	-0.2894796	0.2614791
-0.04869353	-0.2273111	-0.04611184	1.392466	0.05720721	-0.08446683
-0.03190613	-0.1866925	-0.03390845	1.177873	0.1157475	-0.1853126
-0.02440281	-0.1181904	-0.01899304	0.7784678	-0.00805226	-0.2794509
-0.0235813	-0.04881464	0.0009277044	0.4063122	-0.2252319	-0.1093187
-0.02599821	-0.008037061	0.006509208	0.2368974	-0.3387848	0.0759104
-0.03109205	0.03224441	0.01986547	0.1244774	-0.4434245	0.279255
-0.03187248	0.06868769	0.03876365	-0.09948202	-0.3715948	0.3101243
-0.02441248	0.1010007	0.05594385	-0.6498565	-0.1247841	0.0355434
-0.02071168	0.1438314	0.07072426	-1.603358	0.04813439	-0.2706611
-0.01968509	0.1752108	0.07850498	-2.34919	0.0527576	-0.2620642
-0.0174121	0.2335925	0.09184857	-3.457687	-0.0399542	0.09956656
-0.005810091	0.2956293	0.08469097	-4.400842	-0.2049292	0.5782869
-0.00902271	0.316992	0.09227871	-4.650272	-0.2993214	0.8981104
-0.01653374	0.3552139	0.1056783	-4.980407	-0.3462883	1.229302
-0.01933313	0.386164	0.1164687	-5.136333	-0.3038317	1.192226
-0.02710105	0.4296872	0.124242	-5.3329	-0.2219014	1.173896
-0.02956763	0.4732012	0.1305622	-5.628397	-0.1645848	1.343567
-0.04411945	0.53035	0.1157344	-6.176685	-0.2240796	1.514044
-0.05847551	0.5867375	0.06203761	-6.750085	-0.4308298	1.613928
-0.06848723	0.6062443	0.01583335	-6.84434	-0.669055	1.682478
-0.08162344	0.606066	-0.03085429	-6.652053	-1.094119	1.883124
-0.09612399	0.5933931	-0.06464962	-6.4617	-1.290751	2.005346
-0.1047885	0.5549082	-0.09565718	-6.29992	-1.302561	2.033061
-0.1113114	0.514081	-0.1286915	-6.769834	-1.033875	1.551656
-0.0967386	0.4917989	-0.1762171	-7.773275	-0.9369398	0.8133321
-0.0845577	0.4767293	-0.2178876	-8.523099	-0.9385074	0.2778963
-0.04206879	0.4523815	-0.2845002	-9.011706	-0.7984076	-0.266878
-0.01847393	0.41421	-0.2975315	-8.70257	-0.6083224	-0.3674385
0.02600911	0.2970295	-0.2856731	-7.118686	-0.5516179	-0.4872127
0.04364624	0.2550365	-0.2587517	-6.168793	-0.6089951	-0.4717009
0.04767592	0.2126148	-0.2141468	-4.947446	-0.4706711	-0.2529566
0.05615198	0.1844621	-0.196967	-4.00618	-0.2306627	0.01354677
0.03247213	0.1507279	-0.1751881	-3.217236	-0.1737453	0.1587637
0.0264109	0.1260729	-0.1424	-2.367633	-0.1517898	0.134431
0.02973728	0.1066852	-0.1173609	-1.838863	-0.1126034	0.09081186
0.02847949	0.08001725	-0.08206838	-1.101301	-0.09537063	0.05019723
0.03561063	0.06638906	-0.04881909	-0.5627128	-0.09889355	0.02543763
0.0345389	0.04356624	-0.001378931	0.3347609	-0.01883886	-0.003709533
0.04345939	0.0004201843	0.05677828	1.276393	0.04057725	-0.09571275
0.05126283	-0.04571348	0.1138257	2.229036	0.07083511	-0.2293333
0.05492372	-0.08060892	0.1649212	3.136207	0.1762862	-0.3404329
0.05671808	-0.110611	0.1931842	3.889745	0.2352787	-0.4394343
0.06054248	-0.1310774	0.2145274	4.557977	0.241047	-0.5334358
0.06101965	-0.1485171	0.2279861	5.224583	0.2836947	-0.5762433
0.06102473	-0.1675363	0.2449775	5.923914	0.3592845	-0.6684924
0.06267232	-0.1878396	0.2564517	6.416683	0.3585603	-0.8290951
0.06878023	-0.2404443	0.2836408	7.129314	0.3924023	-1.107184
0.07060595	-0.3096412	0.3012562	7.573798	0.4472731	-1.36181
0.067306	-0.3844649	0.2964604	7.710624	0.5098718	-1.427753
0.05652267	-0.4256407	0.2795479	7.634652	0.4843612	-1.487207
0.04771112	-0.473427	0.2400596	7.297016	0.4930739	-1.46799
0.02872488	-0.5138567	0.1843114	6.85126	0.6084781	-1.358437
0.0140765	-0.5479782	0.1466881	6.708741	0.6757922	-1.416187
0.006726529	-0.5836098	0.04568155	6.826663	1.120603	-1.219387
0.004563613	-0.5988508	-0.0009866639	7.111091	1.300261	-0.9125265
0.006881997	-0.5991735	-0.05595781	7.576129	1.125408	-0.612263
0.004443909	-0.5754116	-0.09121603	7.609881	0.531567	-0.5635947
-0.004632435	-0.5171181	-0.1171786	7.039337	-0.1449175	-0.9541246
-0.01529525	-0.4676325	-0.1273757	6.463914	-0.4079016	-1.186935
0.003059211	-0.3337119	-0.1094738	4.914317	-0.3532842	-1.104456
-0.005982568	-0.2405175	-0.1034762	3.589387	-0.3859987	-0.2475969
-0.006869822	-0.1954275	-0.1076104	2.690361	-0.420168	0.156566
-0.00763471	-0.1185129	-0.1107893	1.450898	-0.4137607	0.4439459
-0.02280886	-0.07392125	-0.09686994	0.8499653	-0.3794648	0.5258989
-0.0184103	-0.02945904	-0.06687154	0.2421269	-0.2133272	0.3547316
-0.005079732	-0.001818103	-0.04111796	-0.1054676	-0.0002305182	0.03108202
0.005907876	0.0127985	-0.01728677	-0.4059178	0.08832831	-0.2214765
0.01369813	0.02684015	0.004322344	-0.7039406	0.11626	-0.2737393
0.01672825	0.05505078	0.0409442	-1.34915	0.09415015	-0.1000041
0.01827065	0.08736585	0.07142426	-2.100057	0.05249999	0.1153685
0.02036094	0.1065641	0.08644163	-2.63041	0.0272089	0.1925007
0.02024906	0.1641674	0.1131201	-3.885178	-0.1018787	0.3439741
0.00459705	0.2218674	0.1345306	-4.937311	-0.2940049	0.604427
-0.006779762	0.258532	0.1378772	-5.655192	-0.3422015	0.6733615
-0.004540681	0.3164757	0.1359518	-6.580337	-0.3148773	0.5902593
-0.01060648	0.3618546	0.1301165	-7.3907	-0.3261511	0.6151692
-0.03118347	0.4234963	0.1088435	-8.184135	-0.3643947	0.8267542
-0.04136026	0.4767502	0.06120699	-8.533776	-0.348789	1.131363
-0.0381479	0.4921272	0.02813494	-8.591882	-0.3211692	1.485243
-0.05739203	0.5015689	-0.04093342	-8.500115	-0.3795201	2.080722
-0.08191665	0.4949201	-0.09827236	-8.087144	-0.7323527	2.155205
-0.09996907	0.4498809	-0.17577	-7.441183	-0.9608046	2.161288
-0.1155154	0.4093289	-0.20654	-6.886251	-0.9858175	2.084755
-0.1280571	0.2941347	-0.2009022	-5.750636	-0.8143275	1.73072
-0.1036978	0.2335624	-0.2054533	-5.340378	-0.6354553	1.416361
-0.06492904	0.1569773	-0.1813702	-4.770123	-0.5365863	0.6944036
-0.04644227	0.1053639	-0.1627766	-4.481728	-0.4971098	0.3129665
0.006633307	0.02596644	-0.137623	-3.921387	-0.5086046	-0.2982977
0.02637168	-0.001729593	-0.1215721	-3.515095	-0.5153029	-0.461248
0.03802557	-0.03004017	-0.09641767	-2.656118	-0.3080921	-0.468785
0.04539147	-0.04388501	-0.05681989	-1.457694	-0.0004603317	-0.3592918
0.04907641	-0.04618988	-0.01249623	-0.1252159	0.3735093	-0.09287345
0.04293631	-0.05069485	0.01115913	0.726854	0.4380936	-0.01977218
0.03773032	-0.04867147	0.05567203	2.017127	0.413043	-0.0396211
0.04251131	-0.05978273	0.1000116	3.312405	0.4618872	-0.04467468
0.03907177	-0.08000085	0.149372	4.495373	0.4110365	-0.1140261
0.03554868	-0.09226567	0.1762508	5.190223	0.4243743	-0.1537813
0.03252998	-0.1381781	0.2159761	6.234962	0.5279095	-0.2376069
0.03318356	-0.2199952	0.2636706	7.329147	0.6003113	-0.5791346
0.04516689	-0.3181055	0.3018519	8.272182	0.7974116	-0.9743987
0.05269576	-0.4313225	0.3119325	8.942198	0.957366	-1.633468
0.06686233	-0.5417119	0.2809542	9.309975	1.119286	-2.501034
0.07078584	-0.6088869	0.2326743	9.36733	1.361241	-2.651632
0.05138312	-0.6756493	0.1401754	9.330701	1.679145	-2.404444
0.03273893	-0.6788211	0.01700517	9.133364	1.812966	-1.959142
0.01430869	-0.6277459	-0.06041344	8.863163	1.615118	-1.496318
0.003246004	-0.5887082	-0.09641696	8.545417	1.201811	-1.462174
0.002037145	-0.4992084	-0.1443417	7.54001	0.3581493	-1.379107
-0.02549406	-0.363594	-0.1490195	5.853522	-0.330094	-1.275924
-0.03290999	-0.2810316	-0.1458898	4.612826	-0.5133452	-1.113429
-0.008426755	-0.1364936	-0.1202092	2.75464	-0.4779033	-0.6086246
-0.02579481	-0.02889685	-0.1125169	1.056485	-0.3571625	0.1635979
-0.02121677	0.04096661	-0.1002834	-0.4589824	-0.2080655	0.5343102
-0.01039289	0.1073489	-0.07203954	-1.816151	-0.03645153	0.3323754
-0.01698585	0.1410348	-0.04142834	-2.651026	0.007671867	0.2299354
-0.01335414	0.1761137	0.001000809	-3.912224	0.03987304	0.1234009
-0.003362032	0.2073345	0.02475532	-5.04805	0.1154941	0.1229658
0.003440325	0.2403236	0.06113099	-5.922849	0.1085242	0.4909577
0.01234735	0.2902712	0.09689572	-6.511384	-0.009395353	0.8080513
0.008074315	0.3477286	0.127063	-6.847655	-0.2118898	0.9674411
0.007002489	0.403207	0.1497349	-7.170749	-0.2945934	0.9459932
-0.009554472	0.4537466	0.1357973	-7.526723	-0.2729864	0.9458663
-0.03505708	0.5284052	0.08397874	-8.05206	-0.1437341	1.275203
-0.04750933	0.5592299	0.01639455	-8.302766	-0.08305711	1.716891
-0.0809143	0.562792	-0.05350032	-8.149375	-0.2507108	1.977053
-0.1021963	0.5329024	-0.1197999	-7.644885	-0.525811	2.108338
-0.09814913	0.4836323	-0.1528427	-7.290463	-0.6413638	2.218093
-0.1130963	0.4367954	-0.1796468	-7.002936	-0.8264518	2.123913
-0.1214949	0.32652	-0.2010628	-6.636029	-0.9442719	1.610607
-0.09148616	0.2314642	-0.2008663	-6.048497	-0.6774269	0.9353387
-0.04179626	0.1463579	-0.1692578	-5.092124	-0.39027	0.1093441
-0.00932232	0.1072235	-0.1411622	-4.345541	-0.2387558	-0.2459807
0.02732108	0.0588797	-0.1173263	-3.096608	-0.3573305	-0.5180695
0.03515286	0.02438239	-0.07301246	-1.973051	-0.3630788	-0.3977826
0.03313611	0.001190872	-0.03676618	-1.210464	-0.2319166	-0.3044379
0.03513506	-0.01163763	-0.004040032	-0.2395076	0.08828464	-0.2891402
0.03114721	-0.01731186	0.009020894	0.2922551	0.08790798	-0.3140869
0.03094859	-0.0242337	0.0339308	1.242157	0.05140965	-0.3511083
0.02619329	-0.02276194	0.04686247	1.611579	0.02258378	-0.3752577
0.02529387	-0.03270295	0.08866194	2.821866	-0.06714765	-0.4619566
0.02623459	-0.04047467	0.1309785	4.01519	-0.0531551	-0.5285455
0.02024547	-0.05875579	0.1654606	5.189472	-0.01082317	-0.6030188
0.02072468	-0.08348712	0.1959465	6.065298	0.07850499	-0.6496857
0.03363946	-0.1589695	0.2753984	7.916038	0.3907045	-0.6790549
0.04319452	-0.2189756	0.3008508	8.644854	0.5657791	-0.4705144
0.03755356	-0.3614561	0.3359653	9.322536	0.3929014	-0.5580765
0.02742987	-0.4333988	0.31432	9.390212	0.3437384	-0.8791052
0.01587179	-0.5302334	0.2678795	9.366019	0.661662	-1.250369
0.01558494	-0.5922725	0.1894995	9.184082	1.133342	-1.471221
0.001482857	-0.6137726	0.08910932	8.77853	1.472034	-1.257852
0.0019836	-0.6042413	0.03728687	8.42352	1.587395	-1.141813
-0.001117918	-0.5927726	-0.01686588	8.024497	1.475489	-1.0384
0.0003214451	-0.5467908	-0.09389511	7.357598	0.9167408	-0.9352569
-0.0269509	-0.4630112	-0.1340756	6.349145	0.1897452	-0.9282286
-0.004486096	-0.2624959	-0.1083201	4.049328	0.005599824	-1.342893
0.009634336	-0.1696533	-0.08308985	2.710672	0.08394261	-0.9516244
-0.01248926	-0.0107573	-0.06828378	-0.006089987	0.0352333	0.5238357
-0.004028965	0.06649637	-0.073313	-1.374827	0.1347667	0.6582069
-0.002720354	0.1214722	-0.04885089	-2.587946	0.2266666	0.4715447
-0.00623137	0.2112622	-0.005343023	-4.616323	0.3967529	-0.281253
-0.003163128	0.2369831	0.008065059	-5.562283	0.4753467	-0.6910908
0.01209498	0.2749698	0.02098352	-6.474678	0.5279595	-0.8423914
0.02317053	0.3630837	0.05787301	-7.934875	0.5520672	0.06987754
0.03279817	0.4452495	0.07655884	-8.498301	0.43579	1.141108
0.02105161	0.492476	0.05516978	-8.510508	0.1090433	1.791381
0.002032467	0.5121377	0.04553037	-8.376413	-0.09009435	2.199634
-0.05340501	0.5231698	0.003022553	-8.160626	-0.328597	2.627534
-0.08032707	0.5287647	-0.03663014	-8.073122	-0.501511	2.583054
-0.09310453	0.5084441	-0.09836299	-7.964562	-0.6259332	2.530715
-0.1270163	0.4531582	-0.1657559	-7.629071	-0.6802571	2.382877
-0.1340233	0.386984	-0.2038448	-6.799476	-0.6675809	2.072667
-0.1037623	0.2788712	-0.2145887	-5.640851	-0.5507788	1.569988
-0.07887094	0.1721622	-0.1765595	-4.366412	-0.3814172	0.9445334
-0.02891367	0.09993005	-0.1229858	-3.221727	-0.4065881	0.1949592
0.03112708	0.03059821	-0.09222972	-2.34914	-0.5511777	-0.4714742
0.04581823	-0.001074042	-0.0743567	-1.771483	-0.5203113	-0.6978424
0.06861324	-0.02281443	-0.04006457	-0.7237884	-0.3031255	-0.7834774
0.0737236	-0.03473786	-0.01334828	0.3677048	-0.1487609	-0.753459
0.07816909	-0.04535677	0.01101172	1.074867	-0.06583107	-0.6922163
0.07322169	-0.06299774	0.0494303	2.165551	0.1152084	-0.5198672
0.06423102	-0.07753281	0.09405544	3.306487	0.2289994	-0.3599051
0.04847076	-0.1134966	0.1395566	4.520949	0.3436021	-0.1208288
0.04033351	-0.1430771	0.1690744	5.382194	0.4249714	0.07440284
0.02449252	-0.2131323	0.2107223	6.797298	0.5313393	0.3239397
0.01317864	-0.3219541	0.2552382	8.292959	0.6495695	0.3130014
0.02472661	-0.443075	0.2800911	9.622711	0.7415345	-0.3835345
0.05276811	-0.5640789	0.2664362	10.43233	0.9072642	-1.639373
0.06271258	-0.6683539	0.2113859	10.70511	1.195035	-2.644162
0.06149385	-0.7324699	0.1056675	10.47848	1.43152	-2.835383
0.05578153	-0.7463586	0.03607441	10.1412	1.473139	-2.477972
0.04623358	-0.7124316	-0.07236748	9.381534	1.124318	-1.942372
0.007721992	-0.6230542	-0.1299119	8.002391	0.6140194	-1.694578
-6.355851E-07	-0.4782177	-0.1322249	5.742969	0.2790639	-1.429083
0.03660095	-0.2832556	-0.1174508	2.806966	0.1430991	-0.8886049
0.04332262	-0.1685812	-0.0950048	0.6753258	-0.03503735	-0.2949486
0.01537302	0.003162111	-0.06017116	-2.232436	-0.2727469	0.5561171
0.0174205	0.1504778	-0.07315303	-4.507292	-0.2481805	1.015926
-0.0101744	0.2572538	-0.02686892	-5.915163	-0.1317838	1.127198
-0.01091059	0.2921143	-0.01139937	-6.462346	-0.05858569	0.9755263
-0.0004403808	0.333902	0.00787005	-6.988122	-0.02548921	0.7758883
0.00201307	0.3497753	0.01717796	-7.132512	-0.0455844	0.8487796
0.0124897	0.3774936	0.04310296	-7.1588	-0.1251173	1.352383
-0.009055792	0.4138885	0.07264932	-6.937712	-0.3794827	1.810052
-0.02554388	0.4382491	0.06394184	-6.894539	-0.6039551	2.003711
-0.0433854	0.4625697	0.02557261	-7.022761	-0.8914458	2.171545
-0.07558456	0.4777219	-0.001067286	-7.215425	-1.030224	2.188497
-0.0980689	0.4843643	-0.06297838	-7.275594	-0.9476246	2.270816
-0.08526566	0.4408497	-0.1168463	-6.996829	-0.7908062	2.163642
-0.08883443	0.4046673	-0.1468233	-6.543584	-0.7716038	1.920344
-0.08142954	0.3221246	-0.1531443	-5.549028	-0.7037117	1.51469
-0.04616484	0.2263726	-0.1464296	-4.400849	-0.6330752	1.049669
-0.02734758	0.136545	-0.1125819	-3.173238	-0.5534933	0.5185141
-0.004600541	0.08848768	-0.08220541	-2.288521	-0.439855	0.1361711
0.03064791	0.01907065	-0.05543185	-0.8111917	-0.2878147	-0.489176
0.05280932	-0.04253663	-0.003680297	0.7706077	-0.08822006	-0.9164838
0.07343513	-0.06854089	0.03771125	1.762319	0.02668414	-1.070136
0.09546752	-0.1163871	0.09526747	3.41561	0.1705254	-1.03406
0.08831133	-0.1394156	0.1169429	4.030788	0.1750166	-0.9407881
0.07502592	-0.1731313	0.1468043	5.054166	0.270976	-0.7168803
0.06704815	-0.1962918	0.1544011	5.596279	0.3522348	-0.6258437
0.05373088	-0.2390996	0.1683272	6.558892	0.4838241	-0.6131281
0.04154069	-0.2752036	0.1716045	7.272732	0.6343121	-0.6391306
0.04473449	-0.3374546	0.180374	8.276477	0.9242591	-0.976531
0.05314498	-0.4279827	0.1703916	8.87901	1.050564	-1.387405
0.05083979	-0.50762	0.1270567	8.867909	1.015438	-1.57423
0.03928189	-0.52753	0.06103651	8.268796	0.9999274	-1.350959
0.04350163	-0.4664422	0.007915976	7.368748	0.9252208	-1.069544
0.02076112	-0.4277061	-0.01672871	6.797342	0.781587	-0.987915
0.02917174	-0.3444395	-0.05730253	5.318353	0.377466	-1.244233
0.02696177	-0.3218255	-0.06487918	4.851981	0.2814285	-1.297205
0.008144254	-0.210777	-0.07207788	2.775074	0.05919295	-1.002599
0.008105222	-0.1481493	-0.06791222	1.65538	0.03212827	-0.7391771
0.02288053	-0.03597891	-0.07018235	0.001689198	0.1218549	-0.5201266
0.02086444	0.0636103	-0.04246253	-1.601499	0.1568086	-0.3985233
0.02470001	0.1442274	-0.01877302	-3.110213	0.03758778	-0.2199733
0.01747098	0.2193935	-0.0087785	-4.450393	-0.07802565	0.0245887
0.002898289	0.2721698	0.006704561	-5.566834	-0.06462397	0.3782713
0.002356892	0.3220136	0.01667004	-6.534541	0.02569604	0.7442714
0.00613669	0.3609553	0.02568972	-7.006504	0.03338482	1.126612
-0.000234383	0.3923229	0.0257424	-7.298707	-0.04488022	1.605655
-0.01564252	0.428177	0.01355976	-7.576002	-0.3184093	2.070701
-0.05750917	0.4563001	-0.01798385	-7.791043	-0.8555227	2.35812
-0.05998011	0.4534227	-0.03798888	-7.84857	-1.080443	2.306986
-0.08931185	0.4500625	-0.08450469	-7.801123	-1.184463	2.327396
-0.09866108	0.4272185	-0.1045971	-7.643036	-1.142103	2.254517
-0.09057509	0.366337	-0.157756	-7.171842	-1.036919	1.923084
-0.08779911	0.3209991	-0.18034	-6.597325	-0.8670433	1.651907
-0.08624658	0.2565194	-0.1807739	-5.813651	-0.7242564	1.334181
-0.06529249	0.2039799	-0.184597	-5.218961	-0.6220696	1.083704
-0.04933592	0.1591599	-0.173579	-4.512282	-0.519113	0.7827569
-0.004925535	0.06151875	-0.1105371	-2.598494	-0.3183997	0.2142895
0.03146417	0.01490741	-0.06296835	-0.9929552	-0.2510875	-0.08281388
0.04630749	0.004289196	-0.02914067	0.03983247	-0.162721	-0.2049216
0.04690994	-0.02614987	0.01128158	1.497296	-0.01638153	-0.4687067
0.06132833	-0.04509041	0.06080444	2.851643	0.2101267	-0.6217922
0.06978692	-0.06042095	0.08859115	3.706808	0.3026465	-0.6794292
0.0675751	-0.1027454	0.1419299	5.408945	0.395804	-0.7438359
0.06251156	-0.1240916	0.1669476	6.207888	0.4891427	-0.7253774
0.056676	-0.1546304	0.1909057	6.941633	0.6073498	-0.6803383
0.06493267	-0.2536736	0.2406514	8.134566	0.7838145	-0.8798061
0.0725753	-0.347362	0.2534202	8.684731	0.9757377	-0.9593312
0.07504608	-0.4261899	0.2315802	8.826357	0.8649832	-1.508528
0.07400123	-0.4623238	0.201726	8.671764	0.865747	-1.80488
0.06054004	-0.478036	0.1362788	8.089044	1.083047	-1.790118
0.04802053	-0.4520108	0.07196147	7.30154	1.305314	-1.549067
0.05080968	-0.4086851	0.02879001	6.792233	1.334985	-1.386581
0.02443709	-0.3439255	-0.00324205	6.060786	1.232371	-1.102309
0.02533947	-0.2602105	-0.03691167	4.979268	0.8108857	-0.9251935
0.01362907	-0.2222513	-0.0714417	4.163283	0.363021	-0.7988127
-0.0001815438	-0.1987603	-0.07258224	3.922045	0.2228917	-0.7660622
-0.009916457	-0.1583261	-0.09750686	3.27298	-0.1895245	-0.5539464
-0.0182363	-0.1000318	-0.1051013	2.851374	-0.4940165	-0.3732339
-0.02100336	-0.08101415	-0.1022759	2.762124	-0.4810414	-0.4303107
-0.016493	-0.06975876	-0.1033087	2.625032	-0.3589257	-0.5494775
-0.01375388	-0.0648812	-0.09721818	2.432998	-0.255379	-0.4588685
-0.005645431	-0.04721176	-0.08215904	2.139395	-0.2336883	-0.2613364
-0.004282003	-0.03695032	-0.06899723	1.974266	-0.2851894	-0.1071451
-0.008792875	-0.04340588	-0.05602254	1.836513	-0.4180492	0.09696012
-0.009971032	-0.05758191	-0.05500843	1.701615	-0.4386181	0.08170849
-0.01482986	-0.05592044	-0.04290213	1.451692	-0.3397082	0.05327508
-0.009711629	-0.05266612	-0.01902824	1.153659	-0.1673313	-0.004453809
-0.0008404832	-0.04535139	-0.007625606	0.8893718	-0.1210894	-0.01152224
0.00458203	-0.02930867	0.008400752	0.5055339	-0.1472467	0.006572101
0.007324537	-0.01677378	0.01970946	0.226642	-0.1538478	-0.05015012
0.006171292	-6.357907E-05	0.03543085	0.009174204	-0.1023775	-0.1317246
0.005056273	0.01974282	0.05255065	-0.2287631	0.0101634	-0.165593
0.00930225	0.03127737	0.06037816	-0.456396	0.1155362	-0.1530169
0.01011002	0.04882687	0.06201677	-0.8800166	0.1525241	-0.06749277
0.009771309	0.06389035	0.06432539	-1.382636	0.1046148	0.06973923
0.01015894	0.08840764	0.07637628	-1.996395	0.05322	0.2024613
0.005307569	0.1103576	0.08454446	-2.430941	0.02572491	0.2692995
-0.000103913	0.134391	0.08563881	-2.963756	-0.07136406	0.4433551
-0.005841599	0.1462591	0.07122008	-3.264873	-0.1674751	0.5290896
-0.01018525	0.1524501	0.07121353	-3.425705	-0.1851696	0.3600526
-0.01208389	0.1728941	0.07109357	-3.881147	-0.2979577	0.02552562
-0.01110289	0.1827744	0.07070213	-4.209802	-0.3274751	-0.1170846
-0.007646524	0.2020434	0.0616731	-4.816325	-0.3407216	-0.1626561
-0.04650903	0.1998558	-0.07017221	-4.814153	-0.4944851	1.092367
-0.05427544	0.1981986	-0.07903752	-4.972716	-0.5766654	1.27002
-0.05427544	0.1981986	-0.07903752	-4.972716	-0.5766654	1.27002
-0.05427544	0.1981986	-0.07903752	-4.972716	-0.5766654	1.27002
-0.07454202	0.1905377	-0.1258163	-4.871742	-0.2941079	1.554251
-0.07457522	0.1857361	-0.1294182	-4.746991	-0.255412	1.49284
-0.07457522	0.1857361	-0.1294182	-4.746991	-0.255412	1.49284
-0.06766232	0.1810556	-0.1264508	-4.088989	-0.1345	0.9257441
-0.05824133	0.172103	-0.1324109	-4.066568	-0.1160703	0.8515813
-0.04631165	0.1618772	-0.1401341	-4.083665	-0.2262228	0.7032576
-0.04675769	0.1532835	-0.1735729	-4.165658	-0.3083385	0.6464221
-0.01795608	0.1068828	-0.1306845	-3.353935	-0.2869756	0.3842809
-0.01795608	0.1068828	-0.1306845	-3.353935	-0.2869756	0.3842809
-0.01795608	0.1068828	-0.1306845	-3.353935	-0.2869756	0.3842809
-0.01795608	0.1068828	-0.1306845	-3.353935	-0.2869756	0.3842809
-0.01795608	0.1068828	-0.1306845	-3.353935	-0.2869756	0.3842809
-0.01795608	0.1068828	-0.1306845	-3.353935	-0.2869756	0.3842809
-0.01795608	0.1068828	-0.1306845	-3.353935	-0.2869756	0.3842809
-0.01209513	0.0984666	-0.122401	-3.123348	-0.2789136	0.3501808
-0.0009831587	0.07545642	-0.09180485	-2.446135	-0.303212	0.3129649
0.00473784	0.06407378	-0.07160773	-1.930169	-0.2900224	0.3471149
0.006590487	0.05728281	-0.05438575	-1.670442	-0.216104	0.369424
0.009625473	0.03648603	-0.02804578	-1.305419	-0.1494868	0.1476455
0.01036278	0.02912453	-0.01852695	-1.127219	-0.1045825	0.02367524
0.01884327	0.01928918	-0.004682422	-0.8184853	-0.07787313	-0.1442048
0.02386274	0.01555539	0.003901005	-0.5312895	-0.1209187	-0.2420909
0.02046695	0.0155642	0.01507713	-0.2850316	-0.06894659	-0.2449506
0.02005051	0.01386139	0.0202872	-0.1264508	-0.05324267	-0.2639111
0.01670234	0.01108915	0.02708888	0.1869952	-0.0409035	-0.2745732
0.0143364	0.01372307	0.02897299	0.3459252	-0.03192468	-0.2638286
0.01344634	0.01328155	0.03138455	0.636138	-0.009167889	-0.2141347
0.01353754	0.01314264	0.03466393	0.8944281	-0.03396975	-0.2494247
0.01182531	0.01454521	0.03691105	1.031372	0.02817551	-0.2389183
0.0146282	0.01294541	0.04183968	1.173561	0.04096867	-0.2405003
0.01574542	0.002317437	0.0510253	1.388574	-0.0259163	-0.2554856
0.01228703	-0.00173722	0.05423662	1.394361	-0.04619448	-0.2643849
0.01274009	-0.01223599	0.0540274	1.319315	-0.07643122	-0.2929695
0.01441475	-0.01949517	0.04695171	1.235318	-0.1427854	-0.3171212
0.01190365	-0.02759992	0.04641253	1.264337	-0.1740913	-0.3152602
0.01301014	-0.03883598	0.05222992	1.50318	-0.1588472	-0.3592614
0.01441386	-0.04851857	0.05998058	1.786046	-0.1493491	-0.4352389
0.02012295	-0.06475696	0.07243349	2.236364	-0.1031938	-0.5542398
0.02690313	-0.08935419	0.08509615	2.602335	-0.04552967	-0.5633394
0.02864723	-0.1168696	0.0977024	2.834353	-0.01154373	-0.5256113
0.02944001	-0.1422924	0.09958634	2.977952	0.0009082111	-0.5806481
0.03273375	-0.1689365	0.1028447	3.14247	0.01661945	-0.7368858
0.03678445	-0.1834004	0.1032157	3.273536	0.06821011	-0.8032153
0.03802451	-0.1994176	0.1004644	3.487562	0.2273223	-0.7336804
0.04088044	-0.2190228	0.1033202	3.740282	0.3458758	-0.6734666
0.04408506	-0.2497329	0.1025586	3.993696	0.4256453	-0.6512724
0.04487883	-0.2750405	0.09909252	4.1582	0.4777215	-0.6133721
0.05084793	-0.3136182	0.09339903	4.369583	0.4404323	-0.7540586
0.05653705	-0.3387277	0.07968576	4.418503	0.2618811	-1.055792
0.05278298	-0.3479917	0.06500605	4.306759	0.1356152	-1.100685
0.04454475	-0.3360994	0.04115066	4.040177	0.1170951	-0.9898658
0.03657515	-0.3273557	0.01746874	3.838283	0.1368438	-0.9508647
0.0253453	-0.2991914	-0.007363232	3.554842	0.1574778	-0.8004845
0.01480932	-0.2575529	-0.02786105	3.238442	0.04105875	-0.4699082
0.008889717	-0.2441457	-0.03803912	3.105385	-0.04699726	-0.4238141
-0.003854763	-0.2313688	-0.05349564	2.960287	-0.1353366	-0.4031065
-0.00686189	-0.2267291	-0.06777731	2.817007	-0.1198391	-0.503071
-0.003488689	-0.2211572	-0.07553195	2.667451	-0.004619714	-0.6210358
0.002439355	-0.2180025	-0.08057773	2.62347	0.03879615	-0.5505019
0.006143963	-0.2199824	-0.08294158	2.562943	-0.01101976	-0.4877825
0.008808377	-0.2206295	-0.08236147	2.383882	-0.1006422	-0.4600962
0.006386092	-0.2185337	-0.08648233	2.236676	-0.1331759	-0.4425979
0.003077007	-0.2071655	-0.08895965	2.05295	-0.1792668	-0.377371
0.001593839	-0.2027677	-0.08467983	2.067127	-0.2124117	-0.3467116
-0.004578147	-0.2008568	-0.07870515	2.172464	-0.2692748	-0.3258981
-0.008405435	-0.2070519	-0.07786015	2.245863	-0.276924	-0.4166476
-0.008891379	-0.2099548	-0.07755841	2.26179	-0.2809742	-0.4313318
-0.01170292	-0.2012478	-0.07532819	2.224982	-0.3021244	-0.3154142
-0.007614583	-0.1894857	-0.06762923	2.123742	-0.2965945	-0.2924747
-0.002060421	-0.178803	-0.06731343	1.924149	-0.3296767	-0.3050108
-0.002704863	-0.167939	-0.06657194	1.761952	-0.3534831	-0.2845514
-0.003313287	-0.1413114	-0.05833409	1.418479	-0.3723213	-0.1246767
-0.01414074	-0.03517535	-0.01168496	0.0112107	0.01794224	0.1663922
-0.0181425	-0.02464906	-0.007342114	-0.3834	0.05805722	0.220475
-0.01875453	-0.0003175267	0.002413511	-1.137518	0.1253614	0.3023706
-0.02095859	0.01555668	0.006598097	-1.541659	0.1545915	0.3356358
