velx	vely	velz	angx	angy	angz
-0.05624457	-0.0198481	0.0765338	0.8592407	0.6261153	0.1374936
0.05210264	-0.08465962	0.0612311	0.5744513	0.3477253	-0.7220349
0.05210264	-0.08465962	0.0612311	0.5744513	0.3477253	-0.7220349
0.05210264	-0.08465962	0.0612311	0.5744513	0.3477253	-0.7220349
0.05210264	-0.08465962	0.0612311	0.5744513	0.3477253	-0.7220349
0.05210264	-0.08465962	0.0612311	0.5744513	0.3477253	-0.7220349
0.05210264	-0.08465962	0.0612311	0.5744513	0.3477253	-0.7220349
0.05210264	-0.08465962	0.0612311	0.5744513	0.3477253	-0.7220349
0.07419436	-0.09033966	0.0648267	0.5327406	0.1835093	-0.9201144
0.1172602	-0.1183318	0.04266899	0.01759059	-0.4500577	-1.333755
0.1115557	-0.1107903	-0.01447472	-0.3432324	-0.05344019	-1.194069
0.08375394	-0.0940866	-0.04718117	-0.4137436	0.3481004	-0.8970121
0.03020009	-0.06009675	-0.0934845	-0.3944392	0.8637526	-0.3414022
0.002285518	-0.04127631	-0.09793234	-0.4199893	0.7223929	-0.08239418
-0.01368122	-0.03247111	-0.08769754	-0.3056259	0.4623879	0.01265288
-0.01128104	-0.03548323	-0.06439669	0.01227199	0.4519891	-0.1015346
-0.004262248	-0.03591002	-0.04139848	0.30518	0.483503	-0.1794676
-0.02131505	-0.03300587	-0.02831499	0.3976205	0.3708642	-0.1032779
-0.04999821	-0.02872212	-0.01179529	0.2508497	0.01502027	0.05430153
-0.08017851	-0.02250922	-0.02184526	-0.1161314	-0.4331741	0.2040093
-0.09961389	-0.0202895	-0.03621906	-0.3137465	-0.528979	0.2910261
-0.1326485	-0.01490057	-0.05872414	-0.4932192	-0.5195258	0.4314419
-0.159222	-0.01505841	-0.06710357	-0.4194108	-0.2666528	0.4933566
-0.176121	-0.01755727	-0.06538191	-0.2643822	-0.03190634	0.4902862
-0.2142226	-0.02873056	-0.04662507	-0.01866775	0.09988084	0.522007
-0.2504831	-0.03297708	-0.0292111	0.007040054	-0.1307711	0.6782771
-0.2849995	-0.03800883	-0.02126812	-0.01039546	-0.2983344	0.8064654
-0.3454454	-0.0450591	-0.01151529	-0.06114491	-0.5008635	1.021774
-0.3923074	-0.05006665	-0.01144609	-0.1390058	-0.6514477	1.208081
-0.4700384	-0.06388293	-0.01687615	-0.2244242	-0.7126976	1.456935
-0.5415671	-0.09357883	-0.02131472	-0.1637803	-0.4303344	1.532411
-0.6103399	-0.1324869	-0.0189894	-0.04162202	-0.1330233	1.575082
-0.665721	-0.1617751	-0.01422143	0.01411964	-0.05557801	1.656814
-0.8028566	-0.224916	-0.007163978	0.008361848	-0.0990499	2.006844
-0.9165882	-0.2812985	-0.009141251	-0.09524739	-0.1794737	2.345366
-0.9995714	-0.3266253	-0.01390197	-0.1832003	-0.2251368	2.604275
-1.128167	-0.4028924	-0.02553763	-0.3425733	-0.2697739	3.063112
-1.232984	-0.4999131	-0.02829488	-0.3177027	0.08028248	3.32142
-1.279127	-0.5812901	-0.02021874	-0.2048764	0.4227384	3.327341
-1.330135	-0.70702	0.003965702	-0.03949573	0.6819054	3.281262
-1.379128	-0.8380954	0.02683299	0.05301348	0.6101229	3.439081
-1.452866	-0.9823566	0.04774329	0.150686	0.4051487	3.78252
-1.527979	-1.138684	0.07722526	0.3216562	0.165442	4.204841
-1.597292	-1.307626	0.09995827	0.4800487	-0.3061712	4.680924
-1.661673	-1.50374	0.1105117	0.5679784	-0.5455611	5.147599
-1.689395	-1.636634	0.1077311	0.5441204	-0.4235654	5.345352
-1.703892	-1.840113	0.1034349	0.4019126	-0.05410729	5.502756
-1.692245	-2.06852	0.1036179	0.2633526	0.4036038	5.547088
-1.673751	-2.219961	0.1102413	0.2349825	0.5542055	5.619687
-1.639585	-2.452246	0.1246203	0.2642277	0.5504128	5.97718
-1.606938	-2.712308	0.1262245	0.3496712	0.2931187	6.568354
-1.548266	-2.992142	0.1149336	0.4985039	-0.1188404	7.343952
-1.45806	-3.293915	0.0926774	0.9001229	-0.7598253	8.344515
-1.307878	-3.627744	0.05577657	1.314268	-1.427728	9.283965
-1.072966	-3.920368	-0.008602389	0.4245747	-0.9654472	9.865638
-0.7562827	-4.146338	-0.05131859	-0.9948884	-0.169726	9.899059
-0.5168335	-4.250171	-0.06419007	-1.536163	0.06754531	9.953429
-0.1566757	-4.391174	-0.06391495	-1.403335	0.01752144	10.2922
0.2403664	-4.462094	-0.04678327	-0.4435315	-0.03983626	10.6711
0.6375104	-4.446404	-0.05199681	0.9692694	0.046979	10.821
0.8912696	-4.381079	-0.08180231	1.568992	0.09033704	10.60163
1.229175	-4.170228	-0.1525677	1.369321	-0.01938576	9.51172
1.487337	-3.849615	-0.2540626	0.3764	-0.4984508	7.890448
1.606797	-3.639275	-0.3009863	-0.154935	-0.8260142	6.905239
1.752903	-3.369508	-0.3473083	-0.1788357	-0.949235	6.007191
1.899578	-3.132702	-0.3671919	0.4734709	-0.6222764	5.739923
2.037335	-2.937033	-0.3684218	1.100301	-0.1851673	5.741519
2.147261	-2.73636	-0.3606715	1.313855	0.1041171	5.626936
2.205432	-2.599052	-0.3505763	1.278519	0.2601047	5.452416
2.270737	-2.392158	-0.3298844	1.021888	0.3086237	5.290448
2.3155	-2.192534	-0.3091279	0.6290898	0.1279873	5.250634
2.313726	-1.9921	-0.2802251	0.389948	0.003020694	5.068931
2.284708	-1.840964	-0.2491762	0.2968876	0.0870645	4.850543
2.201333	-1.544271	-0.1779584	0.1616518	0.4250612	4.393735
2.135571	-1.419081	-0.1535271	0.2111385	0.649556	4.162219
2.036378	-1.236158	-0.1341536	0.3060537	0.9307449	3.782864
1.939874	-1.071002	-0.1508605	0.2889688	0.5133182	3.436544
1.829383	-0.9329922	-0.1728821	0.1356968	-0.2670161	3.173289
1.748898	-0.8417144	-0.1799751	0.09967043	-0.6304091	3.002257
1.602717	-0.7178869	-0.1861339	0.140235	-0.9376958	2.800303
1.432724	-0.6013398	-0.1593136	0.1507567	-0.6592028	2.526079
1.227447	-0.4950199	-0.1224429	0.1026292	-0.2673248	2.055355
0.007274139	-0.02613258	0.01521276	-0.09778883	1.257112	-0.4658864
