velx	vely	velz	angx	angy	angz
0.02366394	0.002669464	0.01863947	0.2022304	0.1232812	-0.1283777
0.03761059	0.008999689	0.0274605	0.4176174	0.06162186	-0.3608485
0.03050366	0.01370582	0.03387748	0.5554235	0.06436938	-0.2655435
0.02002713	0.01843795	0.03998705	0.6573168	0.05052905	-0.08257242
0.002174064	0.02046072	0.04841416	0.7681689	0.02788055	0.123484
-0.02504766	0.0169895	0.06552458	0.9523156	0.009716592	0.3043011
-0.04313135	0.02498289	0.07314795	1.094018	0.09623549	0.4965297
-0.04313135	0.02498289	0.07314795	1.094018	0.09623549	0.4965297
-0.04313135	0.02498289	0.07314795	1.094018	0.09623549	0.4965297
-0.04313135	0.02498289	0.07314795	1.094018	0.09623549	0.4965297
-0.04313135	0.02498289	0.07314795	1.094018	0.09623549	0.4965297
-0.04313135	0.02498289	0.07314795	1.094018	0.09623549	0.4965297
-0.04313135	0.02498289	0.07314795	1.094018	0.09623549	0.4965297
-0.04852282	0.0261246	0.08021137	1.157404	0.1324866	0.5274255
-0.05087431	0.03132754	0.09108819	1.313048	0.1988035	0.5017179
-0.05027795	0.04114588	0.1171803	1.642094	0.2981978	0.2862105
-0.04621784	0.04249931	0.1307854	1.817303	0.3053902	0.1631589
-0.04450743	0.04383413	0.1521398	2.05071	0.2838201	0.1382402
-0.05499696	0.03819965	0.1672806	2.22374	0.246646	0.283565
-0.05837348	0.03443221	0.1731054	2.304296	0.1928268	0.3019159
-0.05701468	0.03413946	0.1813571	2.345053	0.1461143	0.1803501
-0.04868446	0.03552051	0.1867895	2.33953	0.1544004	-0.061054
-0.03861343	0.03799071	0.1913578	2.335459	0.2005877	-0.2830573
-0.03100833	0.03916402	0.1950702	2.353991	0.2776845	-0.2792727
-0.02430993	0.04079013	0.1939386	2.344602	0.2942118	-0.271474
-0.0215834	0.04535833	0.1939044	2.3073	0.291185	-0.2927676
-0.01241736	0.04863377	0.1899928	2.229067	0.285482	-0.3714836
-0.003565962	0.05638972	0.1842027	2.136495	0.2402912	-0.4294683
-0.002884105	0.06249784	0.1795154	2.076907	0.1957758	-0.4455082
0.004454361	0.06285385	0.1765571	2.000132	0.137408	-0.5032018
0.006143922	0.05946064	0.1706483	1.97666	0.1053228	-0.4669165
0.007789821	0.06835997	0.1599731	1.802344	0.03087462	-0.5130542
0.01262518	0.07224227	0.1384659	1.661228	-0.01201031	-0.5637044
0.02063607	0.08130763	0.1196897	1.505493	-0.04427585	-0.617101
0.0156133	0.09113909	0.1064612	1.384052	-0.0836193	-0.6508918
0.01411728	0.09399401	0.09134994	1.25862	-0.08016255	-0.601302
0.01718775	0.09829343	0.08159045	1.152758	-0.06040386	-0.571367
0.01621222	0.09753977	0.07584315	1.056012	-0.06309533	-0.5536472
0.009392424	0.09833608	0.06849904	1.023191	-0.1316061	-0.3816659
0.008678952	0.09753576	0.06493375	1.013944	-0.1720487	-0.3370184
0.01221473	0.09858656	0.05822392	1.001965	-0.18967	-0.3553226
0.006688813	0.1007658	0.04478018	1.024539	-0.2458609	-0.3253638
0.001159177	0.09982239	0.03473466	1.004627	-0.2827155	-0.2963449
-0.005389869	0.1008942	0.02477394	0.9619032	-0.3071019	-0.2861668
-0.01452685	0.1052228	0.008568816	0.8680772	-0.3347687	-0.2935022
-0.01957779	0.1059816	0.002305551	0.7976617	-0.3845656	-0.2685989
-0.02333992	0.1053056	-0.008043567	0.6839119	-0.409581	-0.2473982
-0.02275919	0.1012735	-0.0213726	0.5188862	-0.393895	-0.2194605
-0.01657536	0.09920751	-0.03060967	0.3728494	-0.3649063	-0.2168512
-0.004331063	0.09919138	-0.04633491	0.1278883	-0.3263169	-0.2434806
0.008992032	0.09686689	-0.06198354	-0.1330386	-0.2904103	-0.2703119
0.02061425	0.09113976	-0.08033895	-0.4646437	-0.2680916	-0.2257411
0.01925903	0.08828335	-0.09569515	-0.8907624	-0.2960058	-0.0714424
0.02036295	0.08031271	-0.1035012	-1.138161	-0.3095856	-0.03040105
0.02856332	0.07029714	-0.1093302	-1.4587	-0.2802402	0.0004023878
0.02534981	0.05128749	-0.109778	-1.632918	-0.2179094	0.09329289
0.0213825	0.03048254	-0.1133885	-1.76944	-0.1214586	0.273637
0.01154039	0.009828039	-0.1136946	-1.835982	-0.07004542	0.4680976
0.0093862	-0.005828178	-0.1118329	-1.84029	-0.03168054	0.5460315
0.006596717	-0.02775477	-0.1066644	-1.822513	0.02649626	0.5698314
0.003883607	-0.05911789	-0.1111913	-1.861394	0.06055699	0.6010246
0.005274424	-0.08865605	-0.12421	-2.092078	0.05183689	0.7117085
0.01055688	-0.1070761	-0.1334902	-2.282155	0.04711653	0.6827787
0.02755499	-0.1259024	-0.1481184	-2.550076	0.08280136	0.5722463
0.03936399	-0.1452638	-0.1599765	-2.746581	0.1616164	0.5435362
0.04956198	-0.1688895	-0.1817098	-3.003594	0.2617927	0.5334631
0.05164639	-0.1894088	-0.2073011	-3.314737	0.3650742	0.515396
0.04768815	-0.1982076	-0.2273458	-3.505501	0.4459041	0.5276613
0.03792228	-0.2140336	-0.2568259	-3.721888	0.5466601	0.5436597
0.02016557	-0.2380324	-0.2998057	-3.955594	0.5981584	0.6754923
0.008007041	-0.2685884	-0.3363304	-4.306163	0.569728	0.6984997
-0.00383114	-0.2959001	-0.3691932	-4.685588	0.5025828	0.6148995
-0.01847319	-0.3096336	-0.3854729	-4.885563	0.498798	0.5870921
-0.04492423	-0.3215407	-0.3837245	-5.019998	0.4876421	0.6002443
-0.08683237	-0.3417795	-0.3548366	-4.955847	0.4345772	0.8703213
-0.1406666	-0.3649608	-0.3006273	-4.862591	0.5562113	1.26055
-0.1595913	-0.3852158	-0.2623011	-4.709192	0.6972863	1.362859
-0.1751599	-0.4078214	-0.2044535	-4.386438	0.8020337	1.461973
-0.189654	-0.4285242	-0.1643171	-4.035843	0.7846289	1.383007
-0.1904871	-0.4302781	-0.1362071	-3.60063	0.8126721	1.323309
-0.1969135	-0.4216579	-0.09873984	-2.985443	0.6740237	1.116181
-0.1901029	-0.4077032	-0.07233816	-2.547	0.5794972	0.9851793
-0.1365724	-0.38277	-0.02174516	-1.734888	0.1470902	0.5733048
-0.1113028	-0.3772107	0.004862625	-1.393766	-0.1206599	0.4150648
-0.0711481	-0.361819	0.03148546	-1.04101	-0.3827157	0.2548233
-0.03524503	-0.3383084	0.0433383	-0.8042933	-0.566866	0.04900375
-0.01139112	-0.315334	0.04582942	-0.6434991	-0.6345472	-0.1092921
0.02260681	-0.2856047	0.04935366	-0.3999259	-0.6286002	-0.2573352
0.0473409	-0.2512783	0.04594671	-0.2418368	-0.5864471	-0.3409873
0.07145341	-0.2164079	0.03647664	-0.1894458	-0.5806644	-0.4680772
0.08653483	-0.1807675	0.02766902	-0.1781218	-0.5852339	-0.569913
0.08746286	-0.1483773	0.02903255	-0.1454369	-0.524987	-0.5881103
0.09070126	-0.1102788	0.03417527	-0.06508226	-0.4359155	-0.5210786
0.08880962	-0.09156393	0.0418878	0.007686327	-0.3522694	-0.4327789
0.08706681	-0.05964621	0.05024388	0.1270361	-0.3008446	-0.3815369
0.08567675	-0.01948842	0.05654429	0.3842027	-0.2781327	-0.3956839
0.07445582	0.02746774	0.06381622	0.8372083	-0.1494242	-0.3735752
0.05540622	0.0721337	0.07317942	1.395904	0.09362482	-0.2752952
0.0359324	0.09472761	0.08342835	1.767123	0.2556511	-0.1767649
0.02086063	0.11859	0.09823747	2.097079	0.3936636	-0.07273264
0.004874378	0.1547745	0.1170491	2.589289	0.5764219	0.05526813
0.002736533	0.1665209	0.125299	2.715117	0.5697701	0.009473897
0.007385903	0.1698015	0.1296615	2.689002	0.5247737	-0.03684591
0.005408061	0.1744696	0.1386007	2.60845	0.5950953	0.1883903
-0.0001816129	0.1765654	0.1513074	2.574114	0.5876635	0.441516
0.003417231	0.1875052	0.157451	2.622793	0.4317265	0.5181478
0.0348671	0.2067391	0.1506183	2.632157	0.0945332	0.0336193
0.08740105	0.2331118	0.1499834	2.702791	-0.1705633	-0.7169512
0.09894271	0.2348562	0.1632515	2.82426	-0.1448238	-0.7863485
0.08661029	0.226474	0.1728882	2.911486	-0.1009511	-0.4798495
0.07040522	0.2101362	0.1759416	2.853947	-0.1980512	-0.1865902
0.05906861	0.1985854	0.1747534	2.760895	-0.3175961	-0.02166743
0.06963918	0.1908766	0.1811118	2.606536	-0.5331668	-0.2222585
0.0770421	0.1840958	0.1894611	2.606189	-0.6160875	-0.3531568
0.08773549	0.1791369	0.200509	2.610582	-0.6795483	-0.62117
0.09684458	0.1662077	0.2234788	2.773462	-0.6588781	-0.8131608
0.1054441	0.1601478	0.2359306	2.900058	-0.6331338	-1.058768
0.1055623	0.1439967	0.2452981	3.102792	-0.5302269	-1.243854
0.09130179	0.130041	0.2378422	3.241258	-0.3994004	-1.056011
0.05956579	0.1358309	0.2237672	3.473695	-0.3491437	-0.7646787
0.02423	0.1476185	0.2158408	3.730904	-0.3087113	-0.4075851
0.01904892	0.1508869	0.2150895	3.81344	-0.1817527	-0.4496851
0.02880349	0.1408844	0.2143584	3.624395	0.09703279	-0.5543684
0.0490706	0.1356392	0.2120162	3.214844	0.2324389	-0.6305194
0.05600163	0.1462039	0.2115688	2.962828	0.2806001	-0.6284683
0.06476707	0.1504209	0.2019355	2.799936	0.3060269	-0.6872369
0.07191874	0.1548869	0.175385	2.381538	0.3402966	-0.7743688
0.08480813	0.1568652	0.1457299	2.031199	0.3658718	-0.8380286
0.09293403	0.1605419	0.1223177	1.80124	0.3243099	-0.8502637
0.09087604	0.1614819	0.08530354	1.484923	0.1760213	-0.8081045
0.08124155	0.1679413	0.04468764	1.179276	0.002022365	-0.791634
0.06940988	0.1711626	0.01449459	0.966661	-0.1414674	-0.7169514
0.0422038	0.1813106	-0.03639927	0.4948031	-0.3843815	-0.5123933
0.03850475	0.1834299	-0.06099974	0.2385723	-0.4539414	-0.5118647
0.03816366	0.1862547	-0.08074991	0.01717298	-0.5125154	-0.5239014
0.03616624	0.1867701	-0.1083307	-0.3405741	-0.5376593	-0.5068403
0.03221535	0.1827424	-0.1225824	-0.5230446	-0.5330871	-0.439641
0.03124043	0.1726077	-0.1506943	-0.951761	-0.5080015	-0.2270091
0.03530977	0.1662431	-0.1651537	-1.198758	-0.4513855	-0.2014472
0.04821556	0.157317	-0.1892443	-1.625926	-0.3166433	-0.1611309
0.04836839	0.145649	-0.2116093	-1.994134	-0.2063023	-0.04305703
0.05571868	0.1383465	-0.2212015	-2.248063	-0.08508632	-0.05424567
0.05773209	0.1210845	-0.2337402	-2.589717	0.03521477	0.1897283
0.06091764	0.09815499	-0.2494096	-2.889882	0.1593662	0.3672539
0.07527095	0.08302398	-0.2693754	-3.218213	0.3327121	0.3178235
0.08807547	0.07355531	-0.282349	-3.388728	0.4217217	0.2318154
0.1029507	0.06053628	-0.3001587	-3.63093	0.5196975	0.1793758
0.1044839	0.03244513	-0.3187223	-3.935045	0.6803147	0.2843444
0.1032361	0.01260866	-0.3365181	-4.305605	0.8726946	0.2800125
0.1116585	0.008065682	-0.349765	-4.502049	0.9803349	0.1681168
0.1037488	-0.004436983	-0.3752833	-4.672714	1.032819	0.2137829
0.08457294	-0.01592468	-0.3938455	-4.748154	1.019278	0.3433948
0.05812026	-0.02500111	-0.4213668	-4.874763	1.006817	0.4194854
0.04955528	-0.02911557	-0.4366408	-4.900249	0.9599084	0.3498738
0.03604022	-0.04374854	-0.4597835	-4.906718	0.9223754	0.3069069
0.009761351	-0.06834091	-0.4777662	-4.991799	0.8428078	0.2339955
-0.004903357	-0.08351762	-0.482091	-5.067302	0.907601	0.3061104
-0.02688949	-0.1004123	-0.4866882	-5.124176	0.8683553	0.2999896
-0.05076285	-0.1236598	-0.4611841	-5.099016	0.8039052	0.3256173
-0.06238722	-0.1476394	-0.4310187	-5.108038	0.754738	0.3816096
-0.07688074	-0.1626139	-0.4152533	-5.105351	0.7481094	0.4688484
-0.09428899	-0.1713471	-0.3895716	-4.962513	0.7126088	0.6110721
-0.1243859	-0.1600025	-0.366811	-4.472524	0.7294431	0.8726071
-0.1497153	-0.1399319	-0.3304373	-3.713639	0.8702172	1.084218
-0.1607426	-0.1353025	-0.2813031	-2.975311	0.9060504	1.237073
-0.1507904	-0.1363017	-0.2534486	-2.645926	0.6954558	1.194324
-0.1194784	-0.1387506	-0.2117351	-2.386102	0.2052705	0.9898891
-0.08771078	-0.1461678	-0.1669882	-2.20817	-0.2335942	0.7685179
-0.06589384	-0.1340716	-0.1315593	-1.900591	-0.4492998	0.620926
-0.05005516	-0.1127974	-0.09778351	-1.391216	-0.3737203	0.5727733
-0.04265199	-0.09888892	-0.07391356	-1.00386	-0.3251447	0.5270095
-0.0133039	-0.06128347	-0.02563325	-0.299813	-0.3878	0.2977451
-0.005175436	-0.05393528	-0.007939712	-0.1233725	-0.4113877	0.2478537
0.01787481	-0.03188894	0.04094596	0.359531	-0.3032455	0.07263447
0.03775044	-0.02343913	0.06465103	0.5339667	-0.2158912	-0.05111301
0.0620042	-0.006976276	0.1028343	0.8523089	-0.1120621	-0.229511
0.07526436	0.004546722	0.1138867	0.9866309	-0.1328183	-0.3306039
0.07579951	0.01652918	0.1358966	1.192927	0.02199276	-0.3442799
0.07399765	0.0368445	0.1550323	1.489006	0.1170907	-0.3659401
0.07001964	0.05007011	0.1672184	1.735837	0.1675366	-0.3692131
0.05927673	0.07288466	0.1845575	2.168788	0.1828392	-0.3376133
0.04557417	0.09415494	0.2033277	2.611671	0.1570377	-0.3176954
0.03850789	0.1088559	0.2152726	2.943211	-0.0109077	-0.3896923
0.01533142	0.1083823	0.2329772	3.195239	-0.1331485	-0.3319001
0.00853684	0.1104607	0.2304264	3.188714	0.0124656	-0.2533645
-0.02734307	0.09327386	0.2477849	3.209397	0.2098612	0.1573232
-0.03966488	0.08346221	0.2512525	3.142572	0.1986722	0.320204
-0.05072547	0.07672216	0.2472421	3.056854	0.1299652	0.4613448
-0.06641905	0.08456938	0.2337863	3.066342	-0.1355529	0.6081591
-0.07017256	0.09876563	0.2309166	3.198343	-0.2263795	0.520366
-0.06316181	0.1116968	0.2302896	3.362778	-0.3195261	0.3209076
-0.0476797	0.1240865	0.239317	3.611422	-0.4316672	-0.0158646
-0.0427793	0.1105208	0.245257	3.67712	-0.4065962	-0.05810259
-0.04255228	0.09755123	0.2455331	3.60027	-0.4730631	-0.04580214
-0.03901191	0.06744745	0.2410608	3.289642	-0.6275741	0.01865818
-0.03866555	0.06097858	0.2406395	3.156665	-0.7312047	-0.003793281
-0.03168209	0.05781374	0.2451563	3.064458	-0.8173267	-0.1731062
-0.01560281	0.05924579	0.2665485	3.120965	-0.765236	-0.3607354
-0.003471936	0.05985844	0.2902691	3.260839	-0.747094	-0.5266815
0.009397308	0.06729434	0.3280541	3.654952	-0.699181	-0.8018941
0.009261117	0.06555483	0.3707551	4.16328	-0.5341964	-1.020258
-0.002888575	0.03654212	0.405025	4.579104	-0.2843491	-0.912448
-0.0161164	-0.009222801	0.4364692	4.724879	-0.1245686	-0.7019818
-0.01391479	-0.05167018	0.4372931	4.634039	-0.06218227	-0.7029973
-0.009960788	-0.07234174	0.4274037	4.485017	-0.08170576	-0.7659034
-0.02395343	-0.09895622	0.3999646	4.290751	-0.09967098	-0.6161742
-0.04821611	-0.1017165	0.3624033	4.131628	-0.02114315	-0.4225931
-0.05052219	-0.08554401	0.3416017	4.078923	0.1863986	-0.4865538
-0.0463615	-0.08718961	0.3266098	3.969488	0.3402438	-0.5932921
-0.03560438	-0.09356501	0.3108327	3.744014	0.4128418	-0.6277578
-0.02489707	-0.09438192	0.2796994	3.292077	0.2992786	-0.5692987
-0.02234066	-0.09545198	0.2521395	2.970853	0.1120814	-0.5533519
-0.004276624	-0.07774722	0.1846122	2.347798	-0.01975031	-0.7019256
-0.005883223	-0.0617198	0.1324117	1.884761	-0.09038344	-0.5821967
0.001271082	-0.04798339	0.09034605	1.506182	-0.1067624	-0.5664591
0.0141871	-0.02669146	0.03864214	0.8832309	-0.05928291	-0.6293928
0.02724184	0.009435666	0.0001225602	0.3845224	-0.03163778	-0.5242097
0.03158356	0.02997534	-0.03292656	-0.03424088	-0.09178612	-0.3793451
0.03734702	0.04278082	-0.05171924	-0.3536786	-0.04011428	-0.3431714
0.03998886	0.06309244	-0.07638726	-0.797232	-0.005858534	-0.2615408
0.04014662	0.07339443	-0.0970296	-1.188066	-0.0157254	-0.1456569
0.03886288	0.08252756	-0.1141976	-1.525393	0.009643313	-0.09109085
0.03689497	0.08463591	-0.1209521	-1.718642	0.03984545	-0.06304213
0.03829359	0.08091196	-0.1358323	-2.089987	0.1408142	0.01183379
0.04106924	0.07619227	-0.1457578	-2.234666	0.2016947	0.06294336
0.04719478	0.07195851	-0.1556763	-2.369494	0.2655507	0.1481549
0.06357367	0.05955255	-0.1841573	-2.707054	0.3475725	0.2007769
0.07843764	0.05317403	-0.2048503	-3.022005	0.4165055	0.1589019
0.08930746	0.0482678	-0.2147651	-3.219737	0.4737358	0.1644277
0.0994475	0.03767466	-0.2298901	-3.515836	0.5683947	0.1719848
0.1133444	0.02989752	-0.2490305	-3.839504	0.7048857	0.1429335
0.1213169	0.01950394	-0.2646952	-4.06073	0.8181532	0.1296531
0.1252759	0.009549099	-0.2897037	-4.374093	1.010699	0.1698528
0.1240807	0.004918544	-0.320537	-4.625529	1.128772	0.2566771
0.1272807	-0.002645687	-0.3397627	-4.768879	1.152739	0.2375514
0.1206518	-0.01896035	-0.3849142	-5.128001	1.090246	0.237544
0.1153121	-0.0295467	-0.4108143	-5.354173	1.001573	0.2135071
0.1075025	-0.04763849	-0.4398017	-5.718488	0.8311785	0.1629015
0.0768117	-0.0835955	-0.4819006	-6.268081	0.6808189	0.1891379
0.05343279	-0.1029107	-0.4954276	-6.550431	0.6555604	0.3013761
0.030884	-0.1245825	-0.492112	-6.771436	0.6736888	0.4245028
0.003901347	-0.173286	-0.4637966	-7.105353	0.7663246	0.4779662
-0.007492919	-0.1908664	-0.4383159	-7.165259	0.7511383	0.5145673
-0.03992901	-0.1993319	-0.3869428	-6.888909	0.8339306	0.8082169
-0.09073968	-0.1772349	-0.3236525	-6.080957	1.126161	1.208185
-0.1603333	-0.1457533	-0.2553464	-4.821102	1.882239	1.739675
-0.175764	-0.1295104	-0.2117381	-3.822492	2.003969	1.721563
-0.1683608	-0.09303305	-0.1393454	-2.433907	1.719738	1.398812
-0.1567844	-0.09099683	-0.05746775	-1.246942	1.342795	1.061513
-0.1157595	-0.08181134	-0.0004588687	-0.5037397	0.8854296	0.7209148
-0.05138255	-0.09326959	0.03343949	-0.2281471	0.3291407	0.3155525
-0.01237728	-0.09835112	0.03709146	-0.2172577	0.001966072	0.1445079
0.03124956	-0.09320132	0.03533612	-0.231601	-0.3967999	-0.05372623
0.06382243	-0.0803778	0.02552911	-0.1836681	-0.4919008	-0.2130294
0.07846132	-0.06133615	0.01589493	-0.02183191	-0.4296505	-0.3744642
0.08134846	-0.03699337	0.02530144	0.2671408	-0.2504305	-0.4590523
0.08455215	-0.01150946	0.03311738	0.566248	-0.1434884	-0.4442157
0.07609064	0.001270916	0.04259648	0.8223081	-0.1475789	-0.3886258
0.06984451	0.01039912	0.05214545	0.9769512	-0.2045813	-0.3704482
0.06608176	0.02321215	0.06294841	1.209153	-0.2646853	-0.3502833
0.0602418	0.0292236	0.07089885	1.376484	-0.2601769	-0.3130566
0.05252718	0.04634719	0.0817383	1.725935	-0.3193496	-0.3385767
0.04604879	0.05765345	0.08544163	1.951468	-0.350985	-0.3371021
0.02315116	0.07461487	0.0980951	2.382828	-0.3256721	-0.1880681
-0.009520684	0.09376157	0.1130751	2.852128	-0.2943047	0.01144912
-0.02664232	0.1015554	0.1242385	3.122469	-0.2954278	0.1110293
-0.09020578	0.1121598	0.1421675	3.601256	-0.3935449	0.3436968
-0.1040528	0.1324215	0.1130619	3.365169	-0.3068107	0.3242075
-0.04118298	0.123316	0.2259332	3.752136	-0.6208012	-0.1460925
-0.04062355	0.05593681	0.3001628	4.301438	-0.5896428	-0.005897666
-0.02185802	-0.07112265	0.3281365	4.503318	-0.2799298	-0.6561362
-0.1107311	-0.100029	0.2736365	4.852216	-0.01013251	-0.03875025
-0.04644579	-0.1183684	0.2146021	3.034003	-0.01760172	-0.3841138
0.017485	-0.06584945	0.08790094	0.8239505	-0.09480961	-0.5280973
0.04812535	0.02404249	-0.07932747	-1.559028	-0.3903472	-0.3163751
0.08261754	0.05150818	-0.1697072	-2.878783	-0.03788616	-0.05327311
0.08681213	0.04780096	-0.1844728	-3.096764	0.1062311	0.05309226
0.08981724	0.04645132	-0.1929662	-3.231412	0.2068216	0.1418469
0.1012961	0.02219328	-0.2125393	-3.547882	0.522948	0.3132876
0.1199244	-0.001855161	-0.223486	-3.815168	0.8188004	0.2588178
0.1223806	-0.01757737	-0.232632	-3.974019	0.9557289	0.1472498
0.1128692	-0.0370221	-0.2620585	-4.294435	0.8948036	0.2106196
0.09650766	-0.05590457	-0.3001017	-4.660487	0.8165129	0.2843551
0.07773566	-0.0646304	-0.3494368	-4.900483	0.893305	0.4389023
0.06580649	-0.07804861	-0.3631915	-5.001255	0.8976867	0.3431704
0.05893517	-0.09218568	-0.3737075	-5.168897	0.8069434	0.1622457
0.05282595	-0.1041692	-0.3796965	-5.292473	0.7421359	0.08291874
0.03827722	-0.1160096	-0.381974	-5.385451	0.746326	0.1310827
0.007810073	-0.1341564	-0.3671671	-5.403099	0.8366094	0.3561507
-0.02620418	-0.1435841	-0.3421228	-5.281433	0.951924	0.5226154
-0.04782073	-0.1503329	-0.3036719	-5.031579	0.9924722	0.5512464
-0.05930021	-0.1573011	-0.2677529	-4.813366	0.9542171	0.566349
-0.0677307	-0.1685013	-0.2097551	-4.323373	0.7394601	0.5995175
-0.07475588	-0.1689553	-0.1896011	-4.022816	0.5582991	0.5969524
-0.09240973	-0.1622925	-0.1553249	-3.479608	0.4048438	0.5955573
-0.1107353	-0.1378361	-0.1169082	-2.718237	0.6922294	0.7455496
-0.1232565	-0.1203562	-0.0796251	-2.033033	0.9769055	0.9353334
-0.1295082	-0.1020893	-0.02495773	-1.06233	0.9559507	0.9619287
-0.09624472	-0.08067407	0.02140224	-0.2929956	0.6094946	0.6828934
-0.07102364	-0.0684448	0.04110857	0.1086196	0.3134684	0.4393974
-0.02188131	-0.05061546	0.07227965	0.711513	-0.1798053	0.04254954
0.002998692	-0.03808762	0.08563768	0.9865214	-0.3802124	-0.1312552
0.03209747	-0.01888273	0.09011793	1.368273	-0.6284204	-0.388696
0.04676891	-0.00206691	0.08762154	1.665602	-0.6242865	-0.5078915
0.04398341	0.01549891	0.09111946	1.925187	-0.4362444	-0.4814215
0.03502566	0.03085669	0.09940707	2.142999	-0.1973202	-0.4082333
0.03095879	0.04711835	0.1046072	2.275744	0.000133943	-0.3381189
0.02719052	0.05511359	0.1114113	2.320796	0.03607209	-0.2868371
0.02714589	0.0594251	0.1153485	2.309188	-0.04898187	-0.2866676
0.01912759	0.05974703	0.1161871	2.199568	-0.03891612	-0.2019664
0.002355247	0.05986603	0.1163073	2.099636	0.05603202	-0.01747598
-0.00809393	0.06129378	0.1164396	2.071995	0.06656583	0.07489887
-0.01160311	0.06827883	0.1155044	2.083464	0.01990819	0.114064
-0.01062842	0.07537911	0.1117256	2.13009	-0.1099936	0.04958889
-0.0007544555	0.08699539	0.1072543	2.254935	-0.3150731	-0.1723429
0.0006506976	0.09008937	0.1073982	2.423063	-0.4418837	-0.330943
-0.007513672	0.08965176	0.1055269	2.490826	-0.3875013	-0.232357
-0.02741965	0.08838435	0.09898467	2.538102	-0.2909765	-0.003445014
-0.04260645	0.08832955	0.0956858	2.566318	-0.2642533	0.1033225
-0.04725685	0.08894701	0.0968132	2.572365	-0.2692281	0.1156667
-0.04283297	0.08670522	0.1066538	2.566359	-0.2957093	0.0638833
-0.04189022	0.08553932	0.1079989	2.537296	-0.293052	0.03898454
-0.03512025	0.08524393	0.1181467	2.580303	-0.3731093	-0.06505956
-0.03021769	0.08551688	0.126979	2.666412	-0.4268382	-0.1273906
-0.02630067	0.07908349	0.1454117	2.855783	-0.4406176	-0.2058485
-0.02480361	0.07399693	0.1579277	2.965947	-0.4024116	-0.2246828
-0.0257632	0.06298893	0.1770576	3.12841	-0.3061021	-0.1651787
-0.02689533	0.04607552	0.1874008	3.227689	-0.1958411	-0.104571
-0.02481584	0.03386901	0.1911225	3.303023	-0.181143	-0.1049914
-0.02461087	0.02177835	0.1929855	3.406551	-0.2181228	-0.1917628
-0.03015664	0.008261058	0.193646	3.466533	-0.2616093	-0.3115987
-0.03376831	0.001955063	0.1888548	3.470554	-0.2642527	-0.4164836
-0.04194456	-0.002213536	0.1838491	3.548504	-0.2513356	-0.4394343
-0.05193029	-0.00162259	0.1841457	3.723524	-0.2095961	-0.4944199
-0.05694674	-0.004248129	0.186539	3.839853	-0.1246895	-0.4913506
-0.05972674	-0.01652563	0.1878491	3.881411	0.06080335	-0.4943268
-0.05594893	-0.03476106	0.1845236	3.795387	0.1594203	-0.5706194
-0.0601928	-0.0478072	0.1712071	3.445687	0.2123865	-0.3315656
-0.06396078	-0.05330318	0.1586341	3.128372	0.05871892	-0.1489787
-0.06368793	-0.05740899	0.1533366	2.907021	-0.0519688	-0.08790969
-0.06011236	-0.05804098	0.149134	2.668926	-0.07856586	-0.1223957
-0.04771239	-0.05396411	0.1348015	2.395012	-0.1485461	-0.2318604
-0.03710364	-0.05101996	0.1269009	2.222499	-0.2030524	-0.3564033
-0.02745017	-0.04276684	0.1124711	1.958096	-0.2607201	-0.5726888
-0.02209534	-0.04101054	0.09248415	1.631881	-0.303275	-0.5871699
-0.02295719	-0.03830213	0.07789615	1.364373	-0.3425955	-0.4802565
-0.01902756	-0.03044572	0.06097887	0.9933388	-0.3988868	-0.3918338
-0.01394391	-0.02045944	0.03847774	0.6245047	-0.4455873	-0.343352
-0.01499147	-0.005516735	0.01490526	0.248887	-0.5428292	-0.1600357
-0.0239997	0.007471357	0.003597876	0.04975097	-0.5905474	-0.03701341
-0.01660854	0.02511263	-0.01806002	-0.2560584	-0.4704218	-0.01422896
-0.01026728	0.03246374	-0.02890764	-0.3854542	-0.3890079	-0.02775922
-0.004063353	0.03993905	-0.04342395	-0.5617149	-0.278002	-0.03988302
0.004769857	0.04599699	-0.05078817	-0.6933719	-0.1435025	-0.08541916
0.006821618	0.04625902	-0.05346912	-0.7775692	-0.06636295	-0.0529636
0.007171292	0.04763966	-0.05490404	-0.7977058	-0.03134556	0.02024183
0.005025885	0.04516637	-0.05471137	-0.7742904	0.0193779	0.05989352
0.008461321	0.03997348	-0.04717575	-0.7415351	0.1773912	0.1138668
0.007313308	0.03530003	-0.04313716	-0.748851	0.2170718	0.1776075
0.006311839	0.03121942	-0.03896361	-0.7530814	0.2300068	0.1973834
0.007582553	0.02822915	-0.03483829	-0.7722768	0.2454527	0.2087488
0.01168754	0.02252316	-0.03342641	-0.8130968	0.2667556	0.1969769
0.01471111	0.02103876	-0.03549906	-0.8944048	0.2535611	0.1649048
0.01983628	0.01873281	-0.03823065	-0.9848968	0.2010907	0.1332896
0.02729364	0.01704027	-0.03941496	-1.042957	0.1552975	0.07283359
0.03863468	0.01468127	-0.04571397	-1.163144	0.1144129	-0.04339154
0.04859442	0.01557616	-0.05320178	-1.281743	0.1193491	-0.0972847
0.05220557	0.01617624	-0.05681517	-1.372281	0.1104243	-0.1000407
0.05188249	0.0153252	-0.05893104	-1.397584	0.06310236	-0.02915824
0.04464433	0.01097267	-0.05774085	-1.374742	0.02618208	0.09057435
0.03798211	0.006748195	-0.05460325	-1.335645	0.05078146	0.2040262
0.03426386	0.005143508	-0.05592619	-1.310889	0.09767469	0.1983272
0.03202777	0.002340748	-0.05770959	-1.30609	0.1171013	0.1205712
0.03318005	0.001796464	-0.06176703	-1.316325	0.1238208	0.03501714
0.03578693	0.007241741	-0.06642732	-1.315767	0.09925778	-0.1205376
0.03155936	0.009845068	-0.06538863	-1.251954	0.04947767	-0.0826002
0.01583469	0.008415178	-0.06037543	-1.116881	-0.03898585	0.05546651
0.004759023	0.007715642	-0.06043844	-1.03985	-0.04294456	0.1222539
0.0030724	0.008616269	-0.06302158	-1.009647	-0.01077494	0.08514467
0.005928359	0.009096096	-0.06471436	-0.9849533	0.03304478	0.01721224
0.01256868	0.009649752	-0.06743368	-1.002474	0.06187382	-0.1036346
0.01893511	0.01081074	-0.07404324	-1.05688	0.08331019	-0.2146177
0.01926403	0.01134068	-0.07407283	-1.066931	0.08888328	-0.1969049
0.008907518	0.01102732	-0.07139872	-1.029782	0.07310311	-0.01088156
0.00380979	0.008681973	-0.06822532	-1.003581	0.07533377	0.08585791
0.004358647	0.007590145	-0.06942937	-1.014438	0.07250981	0.08043563
0.006451291	0.008663103	-0.07206443	-1.044926	0.04921	0.03526353
0.005282313	0.009115247	-0.070939	-1.04717	0.03649205	0.03040411
-0.0007417726	0.009795161	-0.06747679	-1.02149	0.05533649	0.08692516
-0.007397325	0.00675279	-0.06316409	-0.9615196	0.09758278	0.1510846
-0.01376435	0.002048609	-0.05920152	-0.9262087	0.1207492	0.2080339
-0.01797783	0.003298128	-0.05844684	-0.8945242	0.1147592	0.2236374
-0.01823951	0.008487716	-0.05818557	-0.8559056	0.09694804	0.2003604
-0.02099415	0.009403165	-0.05408542	-0.8107614	0.0807092	0.2252326
-0.02691809	0.00715926	-0.04756422	-0.7394999	0.08335586	0.2659057
-0.03068526	0.006999537	-0.04076648	-0.6747171	0.1157052	0.2937768
-0.02962002	0.007617743	-0.03319221	-0.5814453	0.1511125	0.2772801
-0.02889005	0.005581554	-0.02602945	-0.4653919	0.1613448	0.2772631
-0.03145954	0.003264713	-0.02210256	-0.3806853	0.1529345	0.2609853
-0.03057934	0.004154576	-0.02360981	-0.3313703	0.1360389	0.2184835
-0.02978463	0.003359626	-0.02226836	-0.2430764	0.09620437	0.190279
-0.03225663	0.0009133831	-0.0183341	-0.1720776	0.07543431	0.2046064
-0.03087971	-0.0003319398	-0.0167492	-0.1365466	0.06929042	0.1882647
-0.02773682	-0.001566138	-0.01259649	-0.1099332	0.04571766	0.1369162
-0.02301408	-0.001363435	-0.00988749	-0.09030331	0.00300435	0.08049459
-0.02044256	-0.002351115	-0.008714797	-0.0661263	-0.02045141	0.05847733
-0.01662331	-0.00367219	-0.007761869	-0.04669867	-0.03567146	0.01655939
-0.01199344	-0.003731443	-0.005361984	-0.02087395	-0.03650773	-0.03334193
-0.01075977	-0.00421929	-0.003514554	-0.0009002311	-0.03460944	-0.03738039
-0.01254983	-0.006090471	-0.0006090016	0.02155995	-0.03807589	0.01364695
-0.01211722	-0.007534069	-7.337756E-05	0.03808954	-0.03058174	0.009565872
-0.005815994	-0.009415339	0.001255519	0.04619424	-0.004952636	-0.05158775
-0.004555362	-0.008612088	0.002251146	0.02736793	-0.0024398	-0.06132491
-0.004715113	-0.009076337	0.003038845	0.02500769	-0.01376489	-0.05492519
-0.004567027	-0.009636217	0.005411878	0.03297289	-0.02982816	-0.03978108
-0.00857485	-0.01067611	0.006930719	0.04612376	-0.05357258	0.004364492
-0.01104109	-0.01193251	0.007468886	0.04519488	-0.07067872	0.01330154
-0.01205205	-0.01282376	0.006957179	0.05074528	-0.08314291	0.008190102
-0.01305189	-0.0123947	0.01007952	0.07728218	-0.08493767	-0.0153828
-0.01362872	-0.01162972	0.009816173	0.08688908	-0.09188654	-0.0009272127
-0.01568685	-0.01227304	0.01031416	0.09982791	-0.09329471	0.02027959
-0.01514095	-0.01309866	0.01164825	0.1109986	-0.08179573	0.01826316
-0.01284463	-0.01389178	0.01321728	0.1091534	-0.07428768	0.009138607
-0.01124788	-0.0137022	0.01305964	0.1013392	-0.06876335	0.00695253
-0.009107945	-0.01295485	0.01351847	0.09236945	-0.06308316	-0.01858177
-0.008474111	-0.01358151	0.01313698	0.08459286	-0.05712302	-0.0198019
-0.008149599	-0.01501149	0.01300283	0.0681996	-0.0532257	-0.02450954
-0.004353588	-0.01423218	0.01039341	0.04598526	-0.04655991	-0.05937194
-0.004386663	-0.01321401	0.007207347	0.03829779	-0.0532341	-0.0469095
-0.005235228	-0.01217205	0.005648274	0.03302531	-0.06469984	-0.03243021
-0.00400496	-0.01023406	0.005198281	0.03163318	-0.06253922	-0.03799523
-0.004351499	-0.008790138	0.003771786	0.03374121	-0.05331744	-0.03045096
-0.003769424	-0.007586336	0.002958894	0.03363392	-0.0381524	-0.01962715
-0.002629375	-0.005303531	0.001560057	0.02706278	-0.01365854	-0.02663876
-0.002976068	-0.005361994	0.0008347508	0.01415344	-0.00713721	-0.02331781
-0.00485578	-0.003411889	-0.0009278565	0.0003537628	-0.005413287	-0.02020715
-0.004657099	-0.002055258	-0.001984386	-0.00504212	-0.00688942	-0.02290738
-0.005836575	-0.001003126	-0.003866487	-0.007829771	-0.02427324	-0.003642562
-0.008524746	0.0001551223	-0.006363799	-0.01186693	-0.04779577	0.03111107
-0.009006255	0.002334747	-0.007547115	-0.008845303	-0.0392736	0.03429406
-0.004891226	0.003978115	-0.009119291	-0.009793246	-0.01998848	0.003837647
-0.00405097	0.005617101	-0.01006022	-0.01655652	-0.007503428	0.006694368
-0.003532893	0.005649776	-0.01047525	-0.01567166	-0.0008816615	0.008435763
-0.0024124	0.00686644	-0.01047121	-0.0168249	0.001456072	0.008610293
-0.003885482	0.008680467	-0.01069423	-0.02452132	-0.009855343	0.01838259
-0.005051183	0.009705258	-0.008985981	-0.01532665	-0.003072035	0.04078027
-0.00576925	0.009665518	-0.008914036	-0.009277407	0.001202538	0.03644596
-0.004057358	0.01014953	-0.008914575	-0.004560348	0.004393979	0.02446818
-0.002370826	0.009484424	-0.008627005	-0.004638771	0.0008572434	0.0190366
-0.001863899	0.007897578	-0.008034558	-0.01257312	-0.002491378	0.004410451
-0.001026308	0.007131598	-0.008751525	-0.01501034	-0.006302013	-0.006660372
-0.00221019	0.0065557	-0.01080747	-0.01368548	-0.01973926	-0.01360565
-0.002126963	0.005159402	-0.01007228	-0.006310472	-0.01254877	-0.008778291
0.0002813579	0.004559253	-0.009085587	-0.00643462	-0.002466849	-0.02831834
7.168682E-05	0.004101228	-0.0100385	-0.01068457	-0.002636114	-0.0281467
0.001290389	0.004887602	-0.01180365	-0.01082486	0.002971364	-0.02594883
0.002889674	0.003596241	-0.01040496	-0.009633034	0.009235367	-0.01709423
0.003583405	0.003109905	-0.01101692	-0.017303	0.004670933	-0.02654914
0.004352408	0.002911724	-0.0115483	-0.0224371	-0.003951752	-0.02962658
0.006592353	0.001762819	-0.01085058	-0.02949655	-0.00703124	-0.04906122
0.004953634	-3.639042E-05	-0.01110329	-0.02907275	-0.01300459	-0.0441223
0.003110838	0.0008163369	-0.01055578	-0.02930237	-0.01904919	-0.02865244
-0.001315607	0.001151062	-0.009603332	-0.02170845	-0.01978216	0.0005920856
-0.002066444	0.0009640005	-0.008702853	-0.007457573	0.0002148723	0.001928702
-0.003671004	0.0009902493	-0.005832817	-0.001562584	0.005124107	-0.006186908
-0.004153806	0.001375901	-0.003811872	0.003251378	0.007820422	0.009973917
-0.0007301162	0.001551591	-0.002704947	0.01157918	0.01246441	0.0088947
0.0006479025	0.002022025	-0.00312633	0.02232546	0.02267732	-0.006329025
0.002151059	0.002783282	-0.003897008	0.02694339	0.02551661	-0.02166008
-0.0003767372	0.004656471	-0.00593275	0.01783583	0.0122984	-0.02144239
-0.001750462	0.005602553	-0.006969114	0.007788488	-0.002474636	-0.0193619
-0.002276137	0.005316793	-0.007392592	0.008206279	-0.008443841	-0.01442453
-0.00367747	0.006608662	-0.007664999	0.003732127	-0.02423001	-0.007384354
-0.00436716	0.007795466	-0.009166807	0.007736471	-0.03238377	0.005413494
-0.003336078	0.007631062	-0.009165034	0.008703951	-0.03223239	0.002991002
-0.001788285	0.007722172	-0.00900432	-0.002400716	-0.03568259	-0.01152681
-0.001175432	0.006179054	-0.009736982	-0.01454652	-0.02690396	-0.01392862
0.0002400927	0.006209305	-0.01258017	-0.01924654	-0.01652084	-0.04281391
0.0005438158	0.00534055	-0.0142302	-0.03961674	-0.01748	-0.01865096
0.001195586	0.005660735	-0.01499892	-0.05026903	-0.01602202	-0.01671675
0.0009455964	0.004886118	-0.0154636	-0.05541833	-0.01094284	-0.007192424
0.001428106	0.004146857	-0.01486051	-0.06204482	-0.008129366	-0.01061542
0.001550909	0.002940807	-0.01403121	-0.06150764	0.001211243	-0.01592049
0.002456393	0.001438312	-0.01354321	-0.05441071	0.008279882	-0.01921751
0.003164596	0.001079081	-0.01144241	-0.05113675	0.00601754	-0.01945088
0.001319483	-0.001118002	-0.00876867	-0.03932527	0.0007888828	-0.02206353
0.0009627303	-0.001531322	-0.006576544	-0.02663311	0.003600138	-0.0224393
0.0007858266	-0.003936217	-0.004400016	-0.008405042	-0.007268461	-0.001695552
-0.0003848452	-0.006372591	-0.001009176	-0.001298142	-0.02391863	0.002055065
0.002088699	-0.00672615	0.0008137375	0.009234365	-0.01165129	-0.01881018
0.00419824	-0.007125052	0.001146405	0.01767085	-0.0008641313	-0.04013449
0.006715566	-0.007253575	0.002249455	0.03036406	0.009724975	-0.0334768
0.006596804	-0.007155496	0.002768646	0.03421838	0.005397641	-0.0199789
0.007144493	-0.006503546	0.002348535	0.03588056	0.007844193	-0.03043214
0.00685207	-0.00517276	0.002369549	0.03999211	0.01089973	-0.0318843
0.005957961	-0.003958983	0.002062777	0.03921265	0.008693041	-0.02622583
0.006893392	-0.003309827	0.001014094	0.03845729	0.006919774	-0.01959856
0.007303754	-0.00125832	-0.001624575	0.02818757	0.0006304067	-0.0142414
0.006489525	0.0009604209	-0.001938525	0.02512017	0.002678436	-0.009243721
0.006166037	0.001349969	-0.002977386	0.02223491	0.006332566	0.002024134
0.006644224	0.003978873	-0.004898889	0.007334662	0.0003622943	-0.001973207
0.006183449	0.005243088	-0.006354626	0.0004489195	-0.002394591	0.01105488
0.005117971	0.005114122	-0.00718155	-0.0003357996	-0.004609822	0.01670674
0.005706987	0.005324419	-0.008094142	-0.01722976	-0.002133493	-0.004940909
0.006069605	0.006771693	-0.00829595	-0.02833376	-6.357204E-05	-0.01490384
0.00754227	0.008012484	-0.007568517	-0.03045766	0.005374582	-0.01026543
0.006484055	0.008150246	-0.008821719	-0.02867528	0.0003996037	0.004704764
0.004611771	0.008544932	-0.009227408	-0.03234509	-0.009155543	0.01251451
0.003799298	0.009025901	-0.01189694	-0.03619077	-0.004809655	-0.0009745882
0.004242296	0.00897291	-0.01234317	-0.03924637	0.00173236	-0.02012099
0.002474032	0.00888902	-0.01261182	-0.04086167	-0.005368109	-0.01227084
0.001108333	0.009002817	-0.01209353	-0.03694615	-0.006568864	0.005655596
0.0002668248	0.008946712	-0.01153902	-0.03350314	-0.01089962	0.008666357
-0.0004255513	0.008039386	-0.01033235	-0.02871418	-0.01368627	0.02028281
0.0004944045	0.006686147	-0.01139151	-0.03568496	0.002862885	0.01890432
0.003705685	0.006119573	-0.01166807	-0.03739784	0.01492953	-0.01676389
0.006564715	0.004437434	-0.01165543	-0.04539746	0.01715509	-0.02924669
0.004058361	0.004064877	-0.01267819	-0.05207929	0.001791471	-0.02106576
0.004627917	0.005464871	-0.01314145	-0.0475078	-0.004878636	-0.01818759
0.002342422	0.004429724	-0.01064807	-0.0204882	-0.01859989	0.008339777
0.002956654	0.003755804	-0.009101013	-0.01162449	-0.02101202	0.01505101
0.002554054	0.0006637279	-0.007661084	-0.004557663	-0.01897825	0.00580534
0.003438321	0.0005717117	-0.007539646	-0.005461018	-0.01429551	-0.0149561
0.004624959	-0.0005966335	-0.005524226	-0.007729077	-0.007761965	-0.01316631
0.004219576	-0.001642554	-0.004888853	0.0002258075	-0.006722926	0.001374573
0.005725241	-0.002423632	-0.0039362	0.007014735	0.004825861	-0.007463565
0.006463822	-0.003362012	-0.003450233	0.008651024	0.006354789	-0.01986663
0.006936651	-0.005973928	-0.001441702	0.01056204	0.003902529	-0.0281492
0.007078947	-0.006016407	0.0005518004	0.01417546	0.0006119011	-0.04893788
0.005931358	-0.00658007	0.002328623	0.01793135	-0.006831522	-0.03985126
0.003738588	-0.005345289	0.003202729	0.02466597	-0.01750486	-0.00953898
0.003001068	-0.004826644	0.002545919	0.03117939	-0.01655129	-0.005443192
0.002568282	-0.003691823	0.003365126	0.04086978	-0.0251498	-0.009988194
0.001490487	-0.003915481	0.003223016	0.04108892	-0.02448162	-0.003281701
0.002095594	-0.002942153	0.001730001	0.0460617	-0.01286735	-0.003903278
0.002199263	-0.002703323	-0.0002716478	0.04214964	0.0003215365	-0.01318833
0.00312257	-0.003232445	-0.001646222	0.03183001	0.01842405	-0.01867833
0.005055529	-0.00252987	-0.003192821	0.01817916	0.03156611	-0.03237623
0.004765827	-0.001496592	-0.004747252	0.00877355	0.02556011	-0.03182871
0.004833543	0.001222921	-0.00655495	-0.001024923	0.01455077	-0.01622409
0.002657037	0.002887329	-0.007677598	-0.004682344	-0.001031292	-0.01154728
0.001849578	0.003943022	-0.007956631	-0.01122709	-0.01983598	-0.000713887
0.00137082	0.005371522	-0.009748215	-0.01724507	-0.03796471	-0.004180366
0.001230608	0.005080579	-0.01114498	-0.017269	-0.04023659	-0.006668088
0.0004289188	0.005830378	-0.01290219	-0.02171249	-0.03138447	-0.00467666
0.0002346166	0.005768729	-0.01322763	-0.02077284	-0.02292176	-0.001464463
0.0002785474	0.006829063	-0.01418604	-0.03164086	-0.01511098	-0.001205904
0.0005101135	0.006458182	-0.01481342	-0.03600118	-0.006360959	0.00315289
0.001305445	0.006457628	-0.01394155	-0.03530814	0.0005776779	-0.002295271
0.0004716588	0.00781587	-0.01189041	-0.03874529	0.006318511	-0.004779164
-0.001406924	0.007436758	-0.01196231	-0.03296509	-0.004231663	-0.0001915785
-0.002545947	0.005502454	-0.01002196	-0.02440597	-0.008652274	-0.003062651
-0.0047678	0.005150858	-0.007105102	-0.01530159	-0.02570732	-0.0002871493
-0.007897577	0.004389303	-0.006944492	-0.01028193	-0.03712575	0.01289367
-0.008991898	0.003221098	-0.004875334	0.003084991	-0.04625189	0.02255103
-0.007678565	0.001554025	-0.004268671	0.009164648	-0.04154738	0.01682108
-0.006830734	0.001693685	-0.005571298	0.004418903	-0.03737957	0.005709464
-0.004019114	0.0008726685	-0.005353328	0.003290087	-0.0115813	-0.006999858
-0.0004109014	0.0007409005	-0.006361672	0.001847989	0.01051036	-0.03320312
-1.010155E-05	0.001186336	-0.007368378	-0.005551217	0.01160513	-0.03005425
-0.001921546	0.001043315	-0.008634125	-0.006989579	0.004668837	-0.01408187
-0.002214079	0.0001552927	-0.009042521	-0.001010871	0.006720903	0.008236972
-0.00323635	-1.15495E-05	-0.009628966	-0.004800808	-0.005493292	0.01261485
-0.004028243	-1.240624E-05	-0.01110492	-0.006901152	-0.01064636	0.009125981
-0.0009532964	-0.001673468	-0.01294683	-0.003457615	-0.0007413981	-0.008220324
0.001047498	-0.002095707	-0.01307067	-0.004748664	-0.002307608	-0.01683437
0.0005368256	-0.001946364	-0.01350236	-0.0173142	-0.009363947	-0.01577026
-0.001016743	-0.000925358	-0.01334265	-0.02214066	-0.01336721	-0.003372046
-0.0004313247	-0.00111899	-0.01313181	-0.01693006	-0.013992	-0.00786081
-0.002735396	-0.003174814	-0.01317897	-0.009258234	-0.01224093	0.0005637679
-0.004760779	-0.001944312	-0.01198786	-0.00161814	-0.009516856	0.008549941
-0.003136201	-0.001415249	-0.01085458	0.007339051	-0.002923862	-0.006250254
-0.003743047	-0.001108906	-0.0106715	0.006621105	-0.0001989104	0.007722144
-0.00552888	-0.001399086	-0.009108727	0.006174973	0.001257343	0.02926755
-0.004530731	-0.001946894	-0.007897264	0.002631614	0.006224016	0.02243021
-0.002874887	-0.0005660661	-0.009440076	-0.003179422	0.009918758	0.01036592
-0.001321891	-0.001511103	-0.01037244	-0.00216776	0.008641461	0.007415459
-0.0003680675	0.0004276482	-0.01152036	0.001419823	-0.00141517	0.01069551
-0.000862641	0.001474487	-0.01281063	0.000677027	-0.001409977	0.0212152
-0.001156627	0.002375895	-0.01382931	0.0002752031	0.01058311	0.01934845
0.002146091	0.004392296	-0.01447989	-0.01686978	0.02495157	-0.004308993
0.001172	0.00518955	-0.01524709	-0.03048684	0.02793445	0.006274055
0.001661023	0.005792124	-0.01646204	-0.04867686	0.02891374	0.005002549
0.0025062	0.006311417	-0.01699344	-0.05315185	0.02767331	-0.002535326
0.0007305109	0.005838418	-0.01656624	-0.05542959	0.01175622	0.01168551
-0.001456137	0.006169269	-0.0154663	-0.04500595	0.002297479	0.02861675
-0.001580029	0.005393873	-0.01549632	-0.03548605	0.003111371	0.02689729
-0.0006331403	0.0049346	-0.015528	-0.02073852	0.006027251	0.02413028
-0.001984355	0.003890492	-0.01567672	-0.006530969	0.003256827	0.03213378
-0.003431487	1.082875E-05	-0.01495925	0.001497594	0.005915361	0.01909466
-0.002446351	-0.001276831	-0.01546833	-0.001156127	0.01150021	0.008426813
-0.001471545	-0.002913769	-0.01384274	-0.004637552	0.006223138	-0.005492227
-0.002249498	-0.003307774	-0.01346587	-0.007352524	0.001440324	0.0049101
-0.002445051	-0.003790252	-0.01237894	-0.007407664	0.0001173908	0.001998702
-0.002246101	-0.004618386	-0.01131303	-0.004366211	-0.001449583	-0.004365623
-0.005260828	-0.005777703	-0.008866542	0.00940204	-0.009543004	0.01775944
-0.005005077	-0.005502096	-0.0084068	0.01258461	-0.007600582	0.0191586
-0.003264243	-0.006042433	-0.007659471	0.01726019	-0.004853009	0.001456758
-0.001178264	-0.005044451	-0.007661092	0.01619546	-0.0007498405	0.005465839
-0.0003537207	-0.003637624	-0.008382456	0.01794672	0.0002115247	-0.005526561
0.0005069626	-0.002226534	-0.009083962	0.02128	0.008318595	-0.02678337
0.0003204261	-0.0007607102	-0.009666502	0.01464194	0.0102475	-0.03220958
-0.0001594945	0.0009661724	-0.009162543	0.008458968	0.006603306	-0.02928493
-0.001644101	0.001870311	-0.009578538	0.009023969	0.004096465	-0.01413821
-0.005073706	0.00304956	-0.01100142	0.001629957	-0.01357613	0.004492413
-0.006801863	0.004314897	-0.01275435	-0.004261757	-0.02401154	0.0104769
-0.005776406	0.00562099	-0.01440716	-0.008911573	-0.02366844	-0.001282655
-0.004926086	0.006312007	-0.01607704	-0.01180215	-0.01822706	-0.02005233
-0.003706294	0.008084757	-0.01589209	-0.01722817	-0.01091212	-0.01625372
-0.004535082	0.00981526	-0.01668383	-0.02448126	-0.01229966	-0.01082685
-0.004949973	0.009990686	-0.0164141	-0.02518443	-0.0173684	-0.003844241
-0.004153753	0.01152002	-0.01646201	-0.04114675	-0.01785098	-0.003359023
-0.004274915	0.01157391	-0.01661257	-0.03684634	-0.01869749	-0.003048925
-0.003826744	0.0125038	-0.0165195	-0.04501739	-0.02212941	0.005664757
-0.003971064	0.01238936	-0.01455039	-0.048984	-0.02719779	0.01035762
-0.003726372	0.01216103	-0.01372055	-0.05094523	-0.02470367	0.0186169
-0.004662536	0.01142093	-0.01341752	-0.05462649	-0.02781657	0.03531474
-0.004516542	0.01130814	-0.01406921	-0.05898228	-0.02186191	0.03852127
-0.003076488	0.01171405	-0.01446696	-0.0670719	-0.0144496	0.0247168
-0.0004878228	0.01228641	-0.01535144	-0.07017804	0.00359832	0.01064454
0.001445797	0.01230767	-0.01407688	-0.06695453	0.01148378	0.01987179
0.002101069	0.01172841	-0.0138426	-0.06039605	0.01241642	0.02638407
0.002157536	0.01131535	-0.01339612	-0.05684301	0.005223408	0.03081301
0.00298896	0.008726516	-0.01149181	-0.05653964	-0.01351926	0.02067845
0.002948724	0.007639487	-0.01045284	-0.05636279	-0.02475483	0.01413148
0.003186992	0.006736369	-0.008718564	-0.0520011	-0.02841218	0.01342117
0.003181545	0.00584808	-0.00703101	-0.04451201	-0.0268259	0.01610859
0.003538029	0.004656909	-0.004519743	-0.02632545	-0.02310064	0.02235947
0.003787056	0.004546034	-0.004141243	-0.02004822	-0.01909835	0.02276871
0.005335269	0.002643623	-0.003054359	-0.01110888	-0.008473804	0.01185424
0.005387946	0.002738301	-0.001458582	-0.005095681	-0.0041968	0.002749393
0.006259236	0.001184149	-0.0005502912	-0.006287395	-0.006408227	-0.004426211
0.006287882	0.0004705933	-0.0002266147	-0.009244616	-0.01089554	-0.001132161
0.007219351	-0.0008476945	0.0006086823	-0.009970482	-0.01678988	0.003964031
0.008090994	-0.001129503	0.001723603	-0.008844382	-0.01405703	0.009734409
0.008649732	-0.00110495	0.003602435	0.0004475182	-0.006080484	0.008272381
0.009169185	-0.0008757638	0.003482746	0.0005819323	-0.0089763	0.009617805
0.0121898	0.0003826648	0.0029313	0.00452795	-0.01036071	-0.003882066
0.01326721	-8.909342E-05	0.001639935	0.003584628	-0.01374454	-0.003472695
0.0139217	-0.0004884946	0.001115547	-0.004814984	-0.01506437	-0.0004195198
0.01321473	-0.001843224	0.001620624	-0.01030375	-0.01093361	-0.001102582
0.01464749	-0.001710981	-0.0003038537	-0.01717114	0.008650833	0.006305654
0.01486796	-0.001161763	-0.001558518	-0.02073147	0.01581121	0.001832465
0.01712133	-0.001222593	-0.002471176	-0.02234719	0.02690578	-0.004494429
0.01727809	-0.001393078	-0.003425769	-0.02757718	0.02202813	-0.006867765
0.01745196	-0.00182528	-0.003873846	-0.03388099	0.01666608	-0.0101719
0.01817271	-0.002629106	-0.002379478	-0.0302863	0.01086193	-0.002795545
0.01473798	-0.00189203	-0.00075813	-0.0231456	-0.0211009	0.02382126
0.01464036	-0.002573328	-0.0008925243	-0.01675768	-0.02642586	0.01683019
0.01546047	-0.002951192	-0.0003542396	-0.0149924	-0.03339229	-0.005797871
0.01593667	-0.002744613	0.000668431	-0.00877123	-0.0348633	-0.01459189
0.01649926	-0.002495849	0.00140809	0.001234874	-0.02468155	-0.02651816
0.0165482	-0.003864535	0.002846613	0.006078852	-0.01344365	-0.03064692
0.01867164	-0.004397685	0.003901423	0.01280714	0.01008693	-0.02879907
0.01863605	-0.004384233	0.004799513	0.01784514	0.02390792	-0.02237948
0.02061677	-0.004746404	0.006673811	0.02162997	0.03189095	-0.03085765
0.02063235	-0.005665504	0.004977939	0.01129877	0.02247452	-0.02986958
0.02002819	-0.006142728	0.005341052	0.002771024	0.01345217	-0.04083795
0.01948764	-0.007541577	0.00486289	-0.009098887	0.009536523	-0.05062499
0.0165401	-0.009264461	0.004344388	-0.01395563	0.006614969	-0.03626271
0.01528166	-0.01013662	0.00469937	-0.01777549	6.169514E-05	-0.02727083
0.01255258	-0.01150544	0.00434054	-0.02255842	-0.01495663	-0.02371195
0.01064017	-0.01269279	0.003283109	-0.02652646	-0.01906877	-0.01702919
0.01032031	-0.01297775	0.003829805	-0.0296424	-0.01877327	-0.01359951
0.009888412	-0.0131588	0.004004681	-0.02653529	-0.01166103	-0.008737069
0.01019958	-0.01441061	0.003785149	-0.02609968	-0.0125254	0.006959506
0.01002175	-0.01486661	0.004010897	-0.02920972	-0.01454705	0.007944715
0.009959597	-0.01723257	0.00437665	-0.03604579	-0.01201281	-0.006106555
0.01107761	-0.01808877	-0.0007206514	-0.0912795	-0.02675152	-0.01500685
0.01046381	-0.01709297	-0.002089732	-0.1259387	-0.03468339	-0.003793528
0.005667066	-0.0162945	-0.004629845	-0.1821071	-0.04397007	0.04131004
0.002759911	-0.01360863	-0.004199372	-0.2200771	-0.04632878	0.05462226
0.001911218	-0.01335178	-0.007483361	-0.2873226	-0.03657499	0.06359819
0.006626444	-0.009184122	-0.01392968	-0.3715045	-0.002886693	0.06470434
0.008176179	-0.008439132	-0.01721407	-0.4476789	0.0005737608	0.04938262
0.009482039	-0.00774737	-0.02179913	-0.5036697	0.002241241	0.02882496
0.01132742	-0.006549179	-0.03155677	-0.5905191	-0.01720313	-0.01670737
0.01233828	-0.006606491	-0.04054751	-0.6695777	-0.02365982	-0.03194086
0.02062531	-0.009903333	-0.06008046	-0.8755244	-0.01518676	-0.1163136
0.02926322	-0.0108225	-0.07048111	-1.023164	-0.0140582	-0.1795851
0.04243471	-0.01787455	-0.08340743	-1.273572	-0.009122764	-0.3012856
0.04997507	-0.02329513	-0.09674964	-1.475445	-0.001929415	-0.3986892
0.06353068	-0.02939455	-0.1143271	-1.793651	-0.0007131622	-0.4628038
0.06618608	-0.0446321	-0.1325457	-2.225822	0.02649711	-0.3032055
0.06832694	-0.05393651	-0.144313	-2.439205	0.05406651	-0.2622771
0.07601298	-0.06519842	-0.1591629	-2.755437	0.09717866	-0.322084
0.0865672	-0.0795197	-0.169146	-3.057524	0.1659624	-0.4543466
0.09224294	-0.09685043	-0.1736186	-3.31834	0.1971172	-0.4864694
0.09192712	-0.1158794	-0.1818189	-3.56552	0.1819461	-0.374134
0.09086923	-0.1229962	-0.1842891	-3.649065	0.1584218	-0.3417507
0.08016763	-0.1490354	-0.1964956	-3.938202	0.04173747	-0.2697879
0.06910083	-0.1642895	-0.2040761	-4.106524	0.01302152	-0.2387272
0.06079756	-0.1800561	-0.2118181	-4.20093	0.04517376	-0.2218895
0.05222351	-0.1850689	-0.2109974	-4.181181	0.07880141	-0.2081563
0.02896356	-0.1915579	-0.1916197	-3.9739	0.2660086	-0.01703387
0.01621041	-0.1936574	-0.1779422	-3.783355	0.396542	0.141367
-0.007930557	-0.1890008	-0.1487039	-3.420788	0.5927046	0.3738136
-0.03523177	-0.1865264	-0.118099	-2.988753	0.788844	0.5668169
-0.0430894	-0.1787988	-0.1015583	-2.650033	0.8153602	0.6061582
-0.05012984	-0.1541353	-0.06466071	-2.010252	0.8485453	0.61224
-0.0578822	-0.1331152	-0.0196032	-1.253266	0.8980289	0.5843163
-0.04509574	-0.1077586	0.02437465	-0.4890438	0.7908952	0.4380722
-0.0170572	-0.0846324	0.05787661	0.1774227	0.4873218	0.1487203
-0.0004336202	-0.07482419	0.07407644	0.5689399	0.2255976	-0.0864931
0.03139735	-0.05001363	0.09425417	1.105648	-0.1093026	-0.3945807
0.05059402	-0.02898326	0.1084571	1.601564	-0.2723609	-0.5420603
0.05082081	-0.01276356	0.1284835	2.027824	-0.202131	-0.5011052
0.04615167	0.0001126958	0.1406841	2.28476	-0.1369994	-0.4378988
0.03747397	0.02042586	0.1620366	2.64147	-0.06168747	-0.3369466
0.02929861	0.04007394	0.1777458	2.952213	-0.01801101	-0.2397638
0.01672974	0.06120661	0.1950105	3.243466	0.008857463	-0.1537216
-0.00276575	0.07674301	0.2109864	3.538479	0.0283829	0.004369218
-0.02077976	0.09670439	0.2262208	3.852128	0.0135662	0.1739075
-0.03086677	0.1096385	0.235383	4.096437	-0.05584392	0.2301596
-0.03805387	0.125253	0.2504885	4.478286	-0.1882051	0.1983301
-0.04619138	0.1301276	0.264679	4.761302	-0.2205269	0.1454478
-0.04911071	0.1306898	0.2706959	4.873022	-0.1978598	0.2042083
-0.05267409	0.1395118	0.2888743	5.003786	-0.310678	0.2916716
-0.04880663	0.1397864	0.3033055	5.068343	-0.3736339	0.241405
-0.03571483	0.1320637	0.3316396	5.108982	-0.4121834	0.1173682
-0.02876944	0.123509	0.3463234	5.096317	-0.4126027	0.005547281
-0.004113011	0.1101004	0.362851	5.025476	-0.4583331	-0.3506983
0.01391862	0.09525689	0.3688786	4.850353	-0.4955656	-0.6980497
0.009331753	0.08839656	0.3528255	4.673978	-0.5297564	-0.849029
-0.02372492	0.1084534	0.3255396	4.72708	-0.5571668	-0.5888746
-0.05738738	0.1364862	0.3055174	4.963152	-0.5371378	-0.2797172
-0.1104359	0.1564198	0.2824246	5.557043	-0.46679	0.05195387
-0.1201036	0.1497378	0.2666659	5.571028	-0.3933316	-0.009221511
-0.1015131	0.1233285	0.225923	5.049653	-0.228528	-0.3264849
-0.06323921	0.1214577	0.1748542	4.145513	-0.139419	-0.7387404
-0.03603157	0.1397262	0.1290907	3.358359	-0.2732154	-0.9500168
-0.04189395	0.1550224	0.09494719	2.795979	-0.4910411	-0.8785715
-0.04597005	0.1547095	0.06592451	2.402797	-0.5829443	-0.7307845
-0.0320613	0.161087	0.01574019	1.678209	-0.5463648	-0.6373693
-0.02095554	0.1713946	-0.01631632	1.140283	-0.4575674	-0.686957
0.02003542	0.1812489	-0.07792333	0.1291959	-0.3480514	-0.8052157
0.03858084	0.1863846	-0.1093628	-0.3248512	-0.3108931	-0.8356411
0.05558315	0.1821091	-0.1461789	-1.130033	-0.2116944	-0.7963217
0.05817417	0.1765808	-0.1632559	-1.470222	-0.1409531	-0.7555422
0.06033904	0.16474	-0.1803032	-1.831707	-0.06046464	-0.681943
0.05341245	0.1539765	-0.1875924	-2.004235	-0.07469423	-0.5786717
0.03791652	0.13558	-0.1971889	-2.22468	-0.1345397	-0.3673355
0.01656071	0.1126613	-0.2106628	-2.41512	-0.171292	-0.105132
0.005319803	0.09443884	-0.2202096	-2.566759	-0.1081893	0.08953002
-0.002345588	0.08213178	-0.224637	-2.617572	-0.01080584	0.1928664
-0.007797073	0.06712383	-0.2269552	-2.640862	0.04334312	0.2400209
-0.006138403	0.05254232	-0.2391329	-2.726316	0.1148222	0.2458628
0.00436634	0.03822288	-0.2450151	-2.816666	0.1809569	0.1115369
0.0163075	0.0183476	-0.2495061	-2.944717	0.2676376	0.02651014
0.03750148	-0.005027578	-0.2412546	-3.112621	0.4207925	-0.08346996
0.05717272	-0.02789748	-0.2274395	-3.275913	0.6052583	-0.1911152
0.06487854	-0.04355343	-0.2219774	-3.412586	0.7296871	-0.1888952
0.07332713	-0.06817124	-0.219414	-3.675326	0.8659326	-0.05901673
0.07692444	-0.08338691	-0.2229892	-3.945578	0.9159422	0.06721039
0.07806145	-0.09148672	-0.2286814	-4.174038	0.9100131	0.0431697
0.07465179	-0.1061596	-0.2324118	-4.369727	0.9284079	0.07144952
0.06897648	-0.1173346	-0.2464268	-4.594386	0.8748819	0.06338511
0.06266732	-0.1270623	-0.2582794	-4.752119	0.7610537	0.03683616
0.05045525	-0.1394109	-0.2691431	-4.925729	0.5656695	0.07700776
0.01356254	-0.1543487	-0.2859721	-5.041504	0.543092	0.4745122
-0.009986516	-0.1614757	-0.2881772	-5.054492	0.5741063	0.758439
-0.03158622	-0.1688642	-0.2768988	-4.984661	0.4949225	0.922998
-0.04940987	-0.1816671	-0.2573943	-4.922186	0.4637575	0.9928026
-0.06980857	-0.1975553	-0.2267977	-4.881616	0.4568718	1.016563
-0.08361501	-0.2074822	-0.1919204	-4.745265	0.4663743	1.010905
-0.09923545	-0.2007597	-0.1503076	-4.392661	0.5262358	0.9424676
-0.1063307	-0.1902655	-0.1163947	-3.9978	0.6345162	0.9355837
-0.1115477	-0.1811517	-0.08447425	-3.507236	0.7812958	0.9826204
-0.1210632	-0.1544926	-0.01288343	-2.426205	0.8576655	0.9571995
-0.1150808	-0.1346103	0.02383307	-1.814987	0.7861986	0.8908499
-0.1037648	-0.09764718	0.06318849	-0.7945566	0.6026849	0.7587095
-0.0813316	-0.06501446	0.1142366	0.3276415	0.3152139	0.4772877
-0.04264855	-0.02609524	0.1626282	1.448629	0.1037948	0.1759682
-0.01447157	9.407063E-05	0.1987646	2.426372	0.07553109	0.03893069
-0.008053967	0.009241248	0.2201505	3.139633	0.108056	0.01451685
0.002311552	0.01746581	0.2330486	3.490787	0.08047251	-0.04922831
0.009442126	0.02811167	0.2385971	3.854297	0.01060741	-0.1149247
0.01366029	0.04009042	0.2408976	4.094906	-0.03941941	-0.147307
0.02280898	0.05239862	0.2414398	4.224718	-0.1458981	-0.2984736
0.03824163	0.069825	0.2489744	4.304759	-0.331154	-0.6099163
0.04682292	0.08292107	0.250156	4.36126	-0.4033067	-0.7604297
0.04579391	0.08810897	0.2576111	4.40794	-0.3945743	-0.7773136
0.03837407	0.08658003	0.2639419	4.395007	-0.3377554	-0.7118385
0.01546418	0.07976375	0.2600799	4.29085	-0.1500125	-0.3714349
-3.275228E-05	0.08207038	0.2544472	4.229916	-0.1024466	-0.1687887
-0.003686859	0.07848039	0.2639275	4.183982	-0.05458326	-0.2210334
0.004703279	0.07702984	0.2692979	4.156134	-0.04055	-0.3342784
0.01341324	0.06873322	0.2790664	4.122545	-0.01678917	-0.5098966
0.015855	0.06114406	0.285977	4.123994	0.007587279	-0.6084681
0.006670241	0.05839213	0.2927107	4.201006	0.06873777	-0.5607944
-0.02085513	0.06492313	0.299833	4.495976	0.1106989	-0.1822208
-0.05518099	0.08185021	0.306135	5.010242	0.1301266	0.1500868
-0.07735135	0.0686532	0.3103897	5.187839	0.09560324	0.1980238
-0.08265613	0.05757939	0.3094948	5.139495	0.1154493	0.08905957
-0.0748736	0.03820461	0.2921607	4.485537	0.1331453	-0.08511942
-0.06279621	0.02521832	0.2777737	4.151368	0.1226912	-0.2937363
-0.04967742	0.02562873	0.2597967	3.764099	0.09464525	-0.5691546
-0.04762173	0.02655797	0.2311285	3.200971	-0.1443886	-0.6466792
-0.05206959	0.02349651	0.1957872	2.840363	-0.3523535	-0.4987714
-0.04926593	0.02001448	0.1681622	2.527632	-0.4146612	-0.4870937
-0.0391594	0.02715147	0.1324298	1.972358	-0.4608667	-0.5262409
-0.01322169	0.03226899	0.09347732	1.4126	-0.4597309	-0.6271922
0.008129236	0.03624381	0.05985654	0.8816083	-0.4208047	-0.6582386
0.01846052	0.04487934	0.01678807	0.2813801	-0.3593724	-0.6003142
0.02630812	0.05461705	-0.01811662	-0.1695686	-0.3321019	-0.5113593
0.03006707	0.06268147	-0.05732219	-0.7582127	-0.3494151	-0.3638488
0.04288833	0.07003312	-0.08461014	-1.252091	-0.251415	-0.3369523
0.05849331	0.07115901	-0.1123723	-1.715609	-0.1256607	-0.3726582
0.06329148	0.06873817	-0.1293317	-2.011422	-0.0778823	-0.3593838
0.0643031	0.0634248	-0.1556951	-2.504342	-0.01578103	-0.2878574
0.05564211	0.05800036	-0.1760691	-2.780876	-0.003110691	-0.1407144
0.04230206	0.04616036	-0.1872009	-3.034112	-0.01154129	0.07898203
0.03561816	0.03867939	-0.1935662	-3.197329	0.01272202	0.1501621
0.0338513	0.03185611	-0.200026	-3.367008	0.05009885	0.1731188
0.03947811	0.02774704	-0.2143253	-3.581711	0.07896775	0.2190526
0.03795964	0.008413255	-0.2199237	-3.65407	-0.01185618	0.3297798
0.04154462	-0.001779591	-0.2237452	-3.728787	0.01927459	0.2393225
0.04641631	-0.02701808	-0.219203	-3.879162	0.2906929	-0.1317938
0.04933361	-0.04083644	-0.2078149	-3.911999	0.4790976	-0.1961277
0.03565661	-0.04909497	-0.1761266	-3.848565	0.7254995	-0.1202813
0.01723165	-0.06106036	-0.1307227	-3.392992	0.9568342	0.2660628
0.001233642	-0.066884	-0.1104903	-3.167306	0.9827232	0.4645945
-0.02191528	-0.07626583	-0.09130258	-2.940688	0.9474037	0.6139449
-0.03525361	-0.07583583	-0.08882488	-2.829822	0.8545129	0.6635399
-0.05587404	-0.07953496	-0.09631243	-2.706483	0.7101198	0.7301229
-0.06759672	-0.08384912	-0.1034668	-2.722524	0.6442829	0.7411977
-0.069185	-0.08347627	-0.104124	-2.678259	0.5373116	0.705597
-0.08450511	-0.09117575	-0.09273889	-2.538159	0.3207923	0.839739
-0.09640837	-0.102856	-0.08708369	-2.535429	0.2535928	0.9434488
-0.1083428	-0.1096769	-0.09166579	-2.6813	0.1339835	1.030693
-0.1057334	-0.1091191	-0.09731659	-2.730155	0.06884556	0.9771442
-0.0883	-0.1071148	-0.1000173	-2.740433	-0.00756896	0.8002906
-0.07680087	-0.1077088	-0.09906819	-2.738593	-0.03272182	0.7275363
-0.06531735	-0.1120709	-0.0953573	-2.702589	-0.09237169	0.6488724
-0.04947376	-0.1120651	-0.07972636	-2.656781	-0.1510669	0.4709895
-0.03379836	-0.112031	-0.06197246	-2.598788	-0.2566237	0.1774211
-0.01799493	-0.1077031	-0.05191505	-2.500787	-0.314924	-0.009526625
-0.0123322	-0.1012371	-0.04215193	-2.349066	-0.2948519	-0.004607836
-0.01081539	-0.08772186	-0.02516751	-1.909276	-0.1765174	0.04222327
-0.01205303	-0.07417613	-0.01547047	-1.604715	-0.1013692	0.03898498
-0.01474022	-0.05951111	-0.003845444	-1.234026	-0.03512024	0.01934702
-0.01741314	-0.01947945	0.02562762	-0.3001887	0.08617474	-0.03680502
-0.0159931	-0.0008483399	0.03766584	0.216451	0.1557733	-0.0635246
-0.02000257	0.02153035	0.06688951	0.9918338	0.2413526	-0.07233733
-0.01996533	0.04241563	0.09219058	1.668681	0.2947513	-0.08620383
-0.01210748	0.06157456	0.1067513	2.20532	0.2481681	-0.2212019
-0.0004532392	0.07740074	0.1226946	2.69684	0.1325984	-0.4547451
0.008501822	0.08651812	0.1339315	3.00749	0.09327678	-0.5980052
0.01332195	0.09638162	0.1483422	3.395868	0.1143993	-0.6826024
0.003543415	0.09969312	0.166316	3.702158	0.1821318	-0.5508233
-0.02115525	0.09836999	0.1868046	3.904537	0.26519	-0.278273
-0.03977791	0.09485866	0.1958689	3.977911	0.3236108	-0.119848
-0.05471018	0.09168188	0.2085163	4.033068	0.2856382	-0.1609959
-0.06249341	0.08493996	0.2153289	4.065763	0.2413722	-0.2802197
-0.07259346	0.08194785	0.2108136	4.066125	0.210041	-0.2663726
-0.08124416	0.08108822	0.2077463	4.09513	0.144171	-0.2323546
-0.105003	0.0783764	0.2061475	4.169198	0.04936581	-0.07428207
-0.1340134	0.07362816	0.2112981	4.250704	0.008144497	0.1179762
-0.1538502	0.04980848	0.2175461	4.244165	0.05000865	0.2840672
-0.1476572	0.03838261	0.2203026	4.059546	0.1061658	0.1704216
-0.1158102	0.02460023	0.2162073	3.739578	0.1190196	-0.03692329
-0.08432122	0.02854371	0.2051661	3.530329	0.05193051	-0.2436586
-0.05062642	0.03740234	0.1882013	3.284634	-0.1069627	-0.4585217
-0.03354767	0.04755636	0.1546315	2.996732	-0.2190872	-0.4926282
-0.02441118	0.0580014	0.1380671	2.795394	-0.1752526	-0.4626895
-0.004027789	0.05768145	0.1177879	2.417578	0.031258	-0.5608323
0.01337328	0.06215215	0.09838315	2.107762	0.1511549	-0.613694
0.03394313	0.07453312	0.0683394	1.661235	0.2112596	-0.6448478
0.03956683	0.07712472	0.04163755	1.265825	0.1822471	-0.5422548
0.04213185	0.08047506	0.00799126	0.7785116	0.1497463	-0.4169662
0.05658482	0.08870102	-0.02781382	0.2282945	0.1150525	-0.445368
0.06226298	0.09143022	-0.05312012	-0.1283157	0.06888197	-0.4877806
0.06277164	0.09114883	-0.08995473	-0.6699337	0.0005568627	-0.4070702
0.06835451	0.09112576	-0.1280424	-1.220111	-0.04843178	-0.3421248
0.06678082	0.09197795	-0.1621012	-1.736727	-0.1032102	-0.3437661
0.06850564	0.0849054	-0.1960953	-2.227808	-0.1865699	-0.3425604
0.06493941	0.07628153	-0.213943	-2.536462	-0.2745019	-0.2694209
0.05712	0.06677586	-0.2320922	-2.939874	-0.3670515	-0.1448843
0.05628722	0.05994862	-0.2383827	-3.125897	-0.3824812	-0.08752079
0.0535611	0.03729867	-0.2439542	-3.368106	-0.3267133	0.1019518
0.06127682	0.01753656	-0.2571192	-3.582451	-0.1134802	0.02034117
0.07395688	0.004322323	-0.2595784	-3.770555	0.2021072	-0.2107913
0.07863864	-0.003513644	-0.2537864	-3.798152	0.3857808	-0.2402682
0.0780461	-0.02142646	-0.2461757	-3.674938	0.5911114	-0.005946239
0.06605159	-0.0319647	-0.2340393	-3.523677	0.6808125	0.2931953
0.04378773	-0.05192197	-0.2157593	-3.297611	0.743502	0.5029722
0.04207562	-0.05988991	-0.2086836	-3.23695	0.7707305	0.3960479
0.04728488	-0.07204551	-0.2044916	-3.173914	0.7478679	0.232897
0.03866107	-0.08399033	-0.1976447	-3.088192	0.6566268	0.195763
0.02548533	-0.09088703	-0.201759	-3.001518	0.62307	0.2770316
0.0125379	-0.09437721	-0.2029151	-2.913195	0.6354514	0.3865884
0.00139392	-0.09323756	-0.2062897	-2.852749	0.6300038	0.4898635
-0.005673027	-0.08889709	-0.2082535	-2.704586	0.4941047	0.5327785
-0.0119215	-0.09486025	-0.20495	-2.645774	0.352529	0.5720393
-0.01071484	-0.1079591	-0.2066642	-2.802892	0.1360975	0.4681391
-0.008693836	-0.11406	-0.2148692	-2.970538	0.015362	0.3839221
-0.007087036	-0.1225619	-0.2252425	-3.192785	-0.1158371	0.3408666
0.009330143	-0.128614	-0.2350098	-3.433587	-0.3546199	0.2584434
0.02175897	-0.1325987	-0.2432729	-3.676654	-0.6828004	0.1019997
0.03750367	-0.1479575	-0.2334385	-3.98468	-1.028306	-0.1727407
0.04605039	-0.141672	-0.231995	-4.039393	-1.05244	-0.2414214
0.05420595	-0.140743	-0.2268403	-4.024204	-1.075873	-0.305219
0.05319494	-0.1339979	-0.2005886	-3.797238	-0.9848561	-0.2812287
0.03455418	-0.125447	-0.1632754	-3.4135	-0.6910158	-0.04310482
0.00984838	-0.1144987	-0.1286973	-2.945546	-0.3477791	0.1909899
-0.009452013	-0.09588782	-0.08030374	-2.364051	-0.1251494	0.2215859
-0.02086087	-0.07261816	-0.05698124	-1.907415	0.02545109	0.2569202
-0.02840208	-0.0427502	-0.02291775	-0.9163899	0.2719194	0.2895333
-0.03622048	0.002944539	0.01675632	0.1789595	0.4083637	0.326978
-0.04120467	0.03152174	0.06345364	1.224623	0.4223379	0.2960648
-0.03602874	0.0524713	0.0883755	1.83477	0.3971849	0.2119925
-0.01545547	0.07442313	0.1209428	2.552149	0.3547573	0.00309396
-0.00177834	0.0849821	0.1464412	3.043591	0.3493393	-0.1787963
0.003051158	0.09483859	0.1640289	3.368448	0.4347731	-0.2525402
-0.003984417	0.1016135	0.1791869	3.555347	0.6259565	-0.1572101
-0.01111261	0.1066613	0.1821445	3.63317	0.6720665	-0.09898315
-0.02151548	0.1127597	0.2004088	3.742022	0.6914914	0.003979153
-0.02398772	0.1240731	0.2233444	3.857558	0.7051251	0.124884
-0.01869848	0.1291066	0.2260158	3.904262	0.5731125	-0.006558191
-0.00634242	0.1325272	0.2373439	4.019571	0.3714949	-0.231828
-0.002372107	0.128933	0.2432267	4.08342	0.2789317	-0.3128262
0.0008761112	0.1208047	0.2459564	4.098207	0.2258168	-0.2443906
-0.003561107	0.1127566	0.2493516	4.128413	0.1120934	-0.1387797
-0.01182366	0.1043969	0.2578865	4.22883	0.04680889	-0.1212554
-0.01045017	0.1056174	0.2674936	4.356323	-0.006512864	-0.2383943
-0.01735864	0.1112003	0.2677576	4.515476	-0.01755635	-0.2456885
-0.0664836	0.1312155	0.2651792	4.994923	0.04492535	0.07668307
-0.08600394	0.1339752	0.2621878	5.152185	0.09423503	0.181679
-0.09920238	0.1147669	0.2430605	5.073643	0.17991	0.2291159
-0.09608917	0.1034236	0.2285135	4.813387	0.2085503	0.145429
-0.07444017	0.09458061	0.2047532	4.287595	0.271696	-0.1526861
-0.04851409	0.09355509	0.1817533	3.809528	0.352605	-0.4906609
-0.03559995	0.09290857	0.1486314	3.317706	0.2202916	-0.3925942
-0.03859843	0.08889281	0.113145	2.709181	0.01304551	-0.2162396
-0.02413391	0.09491885	0.06801585	1.876138	-0.07284774	-0.3063844
-0.001745004	0.1029167	0.03849017	1.450875	-0.08587837	-0.4312208
0.0116256	0.1012599	0.01407929	1.051715	-0.1335971	-0.4573716
0.017349	0.102105	-0.01937806	0.4853965	-0.2181002	-0.3345771
0.03048482	0.1043906	-0.04735953	0.00951903	-0.2132601	-0.3306605
0.04211137	0.1058153	-0.06651913	-0.3194687	-0.1808592	-0.3113574
0.043936	0.1063839	-0.07273211	-0.4672923	-0.1531524	-0.274856
0.05015726	0.1014062	-0.08058923	-0.6234025	-0.07134172	-0.2850105
0.05163237	0.09442025	-0.08797151	-0.7677754	-0.02771042	-0.2982349
0.04687426	0.08405301	-0.1001244	-0.8897784	-0.05710651	-0.25008
0.03101846	0.0670227	-0.1085683	-0.9826858	-0.1282427	-0.1061606
0.01861965	0.05884036	-0.1127991	-1.040149	-0.1900363	0.03145692
0.002876079	0.04621811	-0.1201919	-1.124449	-0.2693722	0.197103
-0.01518861	0.02969328	-0.1339613	-1.254332	-0.3409072	0.3428258
-0.02470093	0.02289239	-0.1455538	-1.384609	-0.3803418	0.4145112
-0.02683588	0.01357746	-0.1523822	-1.543155	-0.3764513	0.3712049
-0.01783906	-0.0005495645	-0.1489527	-1.654487	-0.2895926	0.2925591
-0.01521451	-0.01149858	-0.1425276	-1.63518	-0.2245632	0.3928952
-0.01183954	-0.02396775	-0.1376557	-1.61689	-0.1435124	0.5106481
0.0003594093	-0.03318115	-0.1320042	-1.627041	-0.01882549	0.3594804
0.004034299	-0.03769924	-0.1297753	-1.649398	-0.0162004	0.2377335
0.003820698	-0.04072508	-0.1251712	-1.64397	-0.03677096	0.2014781
0.000681207	-0.04281207	-0.1193516	-1.613865	-0.06745011	0.1791994
-0.004329533	-0.04347954	-0.09959401	-1.456848	-0.1559135	0.1424609
-0.008598648	-0.04632232	-0.08554299	-1.301289	-0.1705006	0.1851868
-0.01641211	-0.05414408	-0.05522715	-0.9882333	-0.1110777	0.2897483
-0.01697379	-0.05720099	-0.0224677	-0.6286065	0.002185388	0.3597057
-0.02293109	-0.0471196	0.105685	0.7349256	0.02169203	-0.004331911
-0.01942848	-0.04905365	0.1006368	0.7322487	0.01597764	-0.02145069
-0.02140895	-0.04369415	0.0863236	0.692911	-0.0007449243	0.02382345
