velx	vely	velz	angx	angy	angz
-0.01868688	-0.00579681	-0.02876781	-0.3845089	-0.5845441	0.07480171
-0.03144752	0.0005444507	-0.04134821	-0.6093463	-0.6765057	0.1780732
-0.03144752	0.0005444507	-0.04134821	-0.6093463	-0.6765057	0.1780732
-0.03144752	0.0005444507	-0.04134821	-0.6093463	-0.6765057	0.1780732
-0.03144752	0.0005444507	-0.04134821	-0.6093463	-0.6765057	0.1780732
-0.03144752	0.0005444507	-0.04134821	-0.6093463	-0.6765057	0.1780732
-0.03144752	0.0005444507	-0.04134821	-0.6093463	-0.6765057	0.1780732
-0.03144752	0.0005444507	-0.04134821	-0.6093463	-0.6765057	0.1780732
-0.03587346	-0.009812007	-0.02963202	-0.3936844	-0.7263172	0.1881777
-0.08513544	-0.0010707	-0.0363992	-0.4751428	-1.025293	0.579046
-0.1308239	0.007921052	-0.04684656	-0.5678884	-0.6489776	1.080915
-0.1612481	0.0149184	-0.04508358	-0.6071848	0.232616	1.446422
-0.1512716	0.01173521	-0.06041924	-0.6535972	0.7847341	1.347642
-0.1302834	0.01986047	-0.05491534	-0.6341181	0.7817985	1.064754
-0.09542113	0.02901265	-0.03389909	-0.4657781	0.3923653	0.5037889
-0.05648595	0.03174937	-0.007532328	-0.2542752	0.09510584	0.002747861
-0.02287829	0.02296345	0.004467192	-0.1493081	0.01494357	-0.2402873
-0.0007955555	0.02204179	0.02801299	-0.03315124	-0.04193591	-0.4182841
0.003706277	0.02098356	0.05110619	0.0372184	-0.1018912	-0.3899124
-0.005987705	0.02059785	0.06444755	0.06901763	-0.09937748	-0.210536
-0.01595958	0.008247864	0.06534097	0.05075909	-0.02381448	0.01938989
-0.02769588	0.00811972	0.05825722	0.01883188	0.02192657	0.131331
-0.02823188	0.001578799	0.05076893	-0.04972069	0.006254682	0.1644509
-0.02291745	0.003347154	0.05231787	-0.07878638	-0.03206918	0.1053998
-0.00842131	0.0008861119	0.04283556	-0.08578579	-0.08949088	-0.01216119
-0.003175183	0.003918426	0.0508108	-0.007810614	-0.09051632	-0.1035203
-0.0004363931	0.004278237	0.06285708	0.07194789	-0.06207779	-0.1372578
0.00993213	-0.001340939	0.06542872	0.1582515	-0.04970108	-0.1716937
0.006575208	0.001711857	0.06702027	0.1534522	-0.05883732	-0.1735452
0.004143931	0.002865041	0.07090059	0.1354806	-0.04654432	-0.1543271
0.002630971	-0.002366218	0.06040189	0.1127909	-0.05097622	-0.09155633
-0.01025111	-0.0002426676	0.06197395	0.1200867	-0.07949803	-0.01240039
-0.01574757	0.001783218	0.06352644	0.1025413	-0.08642691	0.03389239
-0.0155666	0.000996644	0.05014458	0.0483606	-0.07780992	0.06553224
-0.01946258	0.005717837	0.04388403	-0.005757193	-0.03482186	0.06866352
-0.01731138	0.01160623	0.04464202	-0.02212613	-0.01412763	0.0554057
-0.01804856	0.01618648	0.04230796	-2.312214E-05	-0.03348704	0.03529583
-0.01328957	0.009196551	0.03546417	0.01182721	-0.06214112	0.02143373
-0.01151646	0.01324475	0.04076027	0.006253295	-0.06328939	0.005660736
-0.006262127	0.00825616	0.03211674	0.01290303	-0.06167363	0.0005079979
-0.01007129	0.01112426	0.03690629	0.03513039	-0.06638005	0.01277825
-0.01286347	0.01409566	0.03691033	0.03398067	-0.05635763	0.03023528
-0.01207672	0.01606862	0.03806532	0.007639947	-0.02186205	0.03409188
-0.006260601	0.01331975	0.02997639	-0.0487949	0.005943378	0.01901566
-0.003920598	0.01648215	0.03292105	-0.07374955	0.007353022	-0.01088491
0.00232547	0.01153438	0.02742223	-0.05888406	-0.01883868	-0.02029303
-0.004163044	0.01278465	0.02670666	-0.03872952	-0.03330229	-0.01940358
-0.006358007	0.01430539	0.03659377	-0.01437109	-0.05689669	-0.01088596
-0.01106823	0.0169459	0.03687201	0.00937336	-0.07755815	-0.006144461
-0.008542079	0.01000834	0.03872611	0.03552615	-0.0834481	0.005310449
-0.01031436	0.01113448	0.04462403	0.05092938	-0.07026077	0.0176532
-0.005211242	0.006934612	0.04058035	0.02949536	-0.01702374	0.03612002
-0.007900015	0.008756096	0.03833891	0.006891726	-0.009827546	0.02758735
-0.007029815	0.01195669	0.0413028	-0.01116393	0.005054162	0.01118903
-0.007356089	0.01445583	0.03578687	-0.01179576	-0.0004086415	-0.00616713
-0.004196615	0.01247922	0.03469927	0.006627933	-0.03450232	-0.033953
-0.004893297	0.01451308	0.03986909	0.0203086	-0.05052535	-0.03339975
-0.002106467	0.008664018	0.03286405	0.0367366	-0.05035305	-0.01608825
-0.007002159	0.01071491	0.03711242	0.04768564	-0.03191772	0.009973656
-0.009556483	0.01323798	0.03774353	0.04799322	-0.01679423	0.02272685
-0.001296928	0.00898181	0.03645533	0.01999457	-0.005863851	0.0133122
-0.003902463	0.01061475	0.03245371	-0.008822145	-0.001655622	-0.0004294704
-0.001284185	0.01355179	0.03280153	-0.04708154	0.00119814	-0.02725035
0.006072471	0.008827686	0.02697482	-0.05245414	-0.01897653	-0.05125207
0.002285182	0.01081757	0.025789	-0.04839943	-0.05099561	-0.06777351
0.001494002	0.01122704	0.02964552	-0.0513013	-0.07088872	-0.07656916
0.004437306	0.006836691	0.02002844	-0.05368775	-0.07410006	-0.07578751
0.0002080148	0.008680942	0.02034692	-0.06169426	-0.07573997	-0.06408426
-0.002207658	0.01154749	0.0249549	-0.05646804	-0.05688935	-0.02617908
-0.0003974011	0.006164033	0.0205003	-0.0515693	-0.03127009	0.01726746
-0.005787652	0.005817151	0.02123945	-0.04770714	-0.0158932	0.032716
-0.005721984	0.005338945	0.02738168	-0.05604903	0.001364989	0.02955452
-0.005604533	0.004863217	0.02965198	-0.04345525	0.01035379	0.01751816
2.236314E-05	-0.004625823	0.02852074	-0.02786249	0.0239865	0.002475154
-0.003647064	-0.009227802	0.0293172	-0.005130208	-0.006340171	-0.01156021
0.001351205	-0.01803445	0.03254042	0.01823742	-0.03025566	-0.007271463
-0.002809706	-0.02346638	0.04119784	0.05644816	-0.04740743	0.00843363
-0.007391117	-0.02965921	0.04713583	0.09250326	-0.030779	0.03731249
-0.001642321	-0.04080225	0.05244883	0.09936004	0.01748655	0.04314087
-0.001781082	-0.04708246	0.05602714	0.09822962	0.04884822	0.01975562
0.000405918	-0.0512771	0.05963414	0.09822787	0.05247309	-0.01115977
0.003347929	-0.05657704	0.05614342	0.0698068	0.0220864	-0.066765
0.006243848	-0.06826759	0.04982328	0.0454889	-0.00170755	-0.09543487
-0.001115061	-0.07835203	0.04749025	0.04507162	-0.03083085	-0.08343918
0.001025581	-0.0907537	0.04983392	0.04807939	-0.03795694	-0.05248446
-0.009698717	-0.1028796	0.05596126	0.0680384	-0.01251236	0.01985319
-0.01665336	-0.1165142	0.0629186	0.09039963	0.0319085	0.08905481
-0.01425098	-0.1385303	0.07004754	0.09557894	0.04989101	0.1125445
-0.01343379	-0.1580508	0.07260722	0.04800187	-0.007921807	0.0660931
-0.00624242	-0.1755502	0.06797805	-0.04740669	-0.05111336	0.003850864
0.001134575	-0.2009664	0.05186154	-0.1825021	-0.07576367	-0.0450248
-0.005711059	-0.2167498	0.03619275	-0.2746332	-0.113817	-0.05541898
-0.003497292	-0.2367696	0.02157842	-0.4254793	-0.2825848	-0.09176145
-0.00564396	-0.2708142	-0.002510863	-0.5596634	-0.4657262	-0.09616929
-0.01637876	-0.2930655	-0.009652417	-0.5987302	-0.5265071	-0.05688696
-0.02714733	-0.3283955	-0.004950155	-0.5229117	-0.5034158	0.06994393
-0.03552454	-0.3755481	0.01834963	-0.2860475	-0.3213655	0.1965689
-0.04139825	-0.4215399	0.03955054	-0.07912035	-0.1879387	0.2054563
-0.03401846	-0.4675595	0.0538161	0.06334817	-0.1398127	0.09054381
-0.01877198	-0.5209945	0.0633968	0.154101	-0.1248831	-0.06871721
-0.01507905	-0.5568045	0.06687258	0.2216187	-0.1504491	-0.1678603
-0.007698383	-0.6299573	0.08836073	0.4456864	-0.2880836	-0.27094
-0.008884915	-0.6724469	0.1020591	0.5703944	-0.3432636	-0.2590362
-0.02549885	-0.7372481	0.1153241	0.7520228	-0.2711626	-0.1399981
-0.03167383	-0.7775488	0.123814	0.8518603	-0.1624551	-0.02771159
-0.04534836	-0.8429382	0.128207	0.9662827	-0.05418276	0.1186724
-0.05436555	-0.9072666	0.1231974	1.033758	-0.06738821	0.1586677
-0.05479263	-0.9684734	0.1129357	1.094244	0.02709964	0.2243497
-0.06078395	-1.033737	0.105041	1.200596	0.0728207	0.2848769
-0.0688028	-1.078789	0.09521216	1.303858	0.04956704	0.2988764
-0.06899076	-1.141142	0.09190606	1.534506	0.06613177	0.3621405
-0.07716448	-1.213854	0.09522191	1.793554	0.1459782	0.476573
-0.08832325	-1.292449	0.09257077	2.121817	0.09479988	0.5019313
-0.0759097	-1.369391	0.09878951	2.448899	0.04939654	0.4271423
-0.07215706	-1.4267	0.1037367	2.713059	0.02937298	0.3697098
-0.05909316	-1.542362	0.1014929	3.322894	0.08731219	0.2388189
-0.03934945	-1.621091	0.08915878	3.572281	0.2019085	0.1020174
-0.02680018	-1.669133	0.06480624	3.68344	0.2409941	-0.02495004
-0.02667974	-1.714185	0.03081781	3.797874	0.2505536	-0.1414119
-0.003943715	-1.811133	0.02086981	4.36906	0.01737548	-0.4064052
-0.01497942	-1.885276	0.02753112	4.857903	-0.1917443	-0.4966465
-0.05447502	-2.019653	0.02447982	5.687895	-0.6084918	-0.6183527
-0.06619992	-2.133613	0.008172533	6.556229	-1.024274	-0.7330875
-0.08733933	-2.194193	-0.09017034	6.557168	-0.7974159	-0.3864738
-0.08847567	-2.194806	-0.1903859	6.469979	-0.6377646	-0.4011981
-0.0415177	-2.150281	-0.3136343	6.188089	-0.1050919	-0.3112163
-0.01936377	-2.089174	-0.4382571	6.089438	0.2541554	-0.1534913
-0.01368682	-2.05477	-0.5459242	6.689017	0.2903312	-0.161997
-0.00827853	-2.046852	-0.6023791	7.672806	0.1554712	-0.5819137
-0.005740047	-2.035065	-0.6718046	8.286514	0.1166031	-1.150462
-0.009169689	-1.929938	-0.7961894	8.828526	0.1805522	-1.951165
0.008581362	-1.666523	-0.8923923	7.449663	0.4373631	-0.898367
0.01144353	-1.181556	-0.9718336	4.353492	0.4175603	1.208449
0.01149049	-0.7593652	-0.9551603	2.305608	0.2531314	1.824977
0.02103751	-0.5771912	-0.8733097	1.785424	0.2636649	1.5105
0.02493474	-0.4031618	-0.7741048	1.807148	0.7825648	0.2720955
0.02625503	-0.2819968	-0.6706535	1.683451	1.583164	-1.002682
0.04008418	-0.1402362	-0.5575109	1.168934	1.816841	-1.542385
0.01300255	-0.0445492	-0.5088131	0.6557752	1.163448	-1.244697
-0.05274922	0.02282269	-0.4798999	0.3386888	0.4775109	-0.8002532
-0.1512368	0.06550067	-0.3818632	-0.0452096	-0.4464205	-0.2633976
-0.170672	0.0836665	-0.3565549	-0.170513	-0.8483483	-0.06428756
-0.2003945	0.1014144	-0.3205807	-0.1974062	-1.132144	0.04163265
-0.2056039	0.07433438	-0.2492299	-0.1050855	-1.114565	0.01394882
-0.1603241	0.05700855	-0.2141953	0.004953061	-0.924926	-0.0332841
-0.1257321	0.05601563	-0.1817836	0.05733858	-0.6811705	-0.05703643
-0.0934358	0.04709851	-0.1238553	0.02532819	-0.4544949	-0.04325189
-0.05891734	0.04313412	-0.1047312	0.003823457	-0.3320236	-0.03651607
-0.03139839	0.0557127	-0.05967387	-0.01693583	-0.2067979	0.002739543
-0.01745249	0.06371234	-0.03017477	-0.02768172	-0.1860428	0.03687535
-0.00198535	0.07954111	0.004463776	-0.1130951	-0.1875137	0.03721928
0.002514574	0.09387282	0.02237149	-0.1724621	-0.1848318	0.008255505
0.007684851	0.1065319	0.04325007	-0.2319346	-0.1857538	0.01296808
0.01562533	0.1234288	0.06772201	-0.3052338	-0.1867435	0.08951603
0.01899034	0.1329404	0.07951271	-0.3336644	-0.1846447	0.1474095
0.02706532	0.1485062	0.1031198	-0.3984633	-0.1653176	0.2150992
0.03288771	0.1662516	0.11574	-0.477883	-0.0989873	0.1703067
0.03751638	0.1752562	0.122913	-0.5017269	-0.05398167	0.08247792
0.03947625	0.1815221	0.137658	-0.5216066	-0.04381289	0.05337034
0.03975528	0.1863285	0.1416726	-0.5232227	-0.05795188	0.09730096
0.03816504	0.1866149	0.1465794	-0.5027658	-0.06116301	0.09754231
0.03853499	0.1881171	0.1514568	-0.5017189	-0.06628907	0.09489067
0.03822853	0.1911059	0.153203	-0.5160979	-0.09153217	0.1735682
0.03739391	0.1944291	0.1520967	-0.5291148	-0.1033918	0.2026563
0.03918853	0.1969021	0.1558097	-0.5450297	-0.1101321	0.222212
0.04350575	0.1990959	0.1570437	-0.5603257	-0.09670419	0.2004233
0.04287992	0.1948011	0.1546679	-0.5436854	-0.06770728	0.1666155
0.04640407	0.1907359	0.1565428	-0.5106992	-0.04544913	0.1377021
0.04773811	0.1836327	0.1514717	-0.4527541	-0.01682312	0.1002764
0.04775302	0.1751919	0.1489303	-0.4073626	-0.00116595	0.07946949
0.04757204	0.1717765	0.147152	-0.401372	-0.01086376	0.1066065
0.04609296	0.1718452	0.145005	-0.4083476	-0.02205382	0.1292496
0.04423104	0.1703096	0.1419304	-0.4248797	-0.05624232	0.1962878
0.04260912	0.1682186	0.1395707	-0.4313394	-0.06528429	0.1870044
0.04101783	0.1658477	0.1372955	-0.4100596	-0.07184037	0.1563613
0.03684279	0.1593263	0.1297513	-0.3906088	-0.08079964	0.1513554
0.03747758	0.1547809	0.1260942	-0.3754673	-0.07082451	0.1215807
0.03544758	0.1530575	0.1215748	-0.3674379	-0.06334393	0.09652556
0.0365248	0.1482733	0.117992	-0.3677421	-0.05611119	0.09567732
0.03485832	0.1423972	0.1116034	-0.3578549	-0.0669209	0.1572855
0.02990879	0.1384683	0.1028686	-0.3443818	-0.07172022	0.1888148
0.03284893	0.1345939	0.1008791	-0.3329656	-0.06594881	0.1851991
0.03257638	0.1284061	0.09545895	-0.3316926	-0.06876873	0.1638016
0.03107418	0.119206	0.08680268	-0.3088093	-0.07122032	0.1459782
0.0292867	0.1114986	0.08067065	-0.2800314	-0.06496074	0.1285288
0.03095392	0.09998003	0.07747547	-0.2384156	-0.0553006	0.117647
0.02857315	0.0936581	0.07073756	-0.2085544	-0.05201315	0.1440986
0.02691498	0.08897726	0.06343354	-0.2089389	-0.0523471	0.1590786
0.02491156	0.08177379	0.05493978	-0.2026142	-0.0530256	0.1802244
0.02145514	0.07538017	0.04578971	-0.1697228	-0.02793799	0.1657217
0.02528272	0.07001423	0.0435652	-0.1486432	-0.002739812	0.1485226
0.02545783	0.0621384	0.03956521	-0.1336825	0.03118989	0.1073926
0.02242092	0.05671604	0.03073425	-0.1112441	0.0473009	0.06167927
0.02375127	0.05271417	0.02925295	-0.09929004	0.0434019	0.0347992
0.01745441	0.04591777	0.02002907	-0.09530149	0.02820178	0.02710751
0.01225206	0.04297947	0.01634903	-0.07765224	0.01071365	0.03292853
0.007030345	0.03789598	0.01105718	-0.0601625	-0.01260353	0.04876862
-0.002677777	0.032506	0.005252248	-0.05814942	-0.05296417	0.1176781
-0.005793964	0.0278517	0.001180967	-0.05840441	-0.06932181	0.1295296
-0.008030353	0.02440517	-0.002610769	-0.04955036	-0.06741555	0.1151802
-0.007985	0.01676113	-0.002409353	-0.01788002	-0.05899507	0.07375845
-0.01120315	0.01413141	-0.005217223	-0.001488014	-0.05438272	0.041825
-0.009644333	0.01187935	-0.007389015	-0.0007180546	-0.05976553	0.02401897
-0.01211888	0.007398523	-0.009966262	0.01025873	-0.06804777	0.0145587
-0.01235124	0.00248197	-0.012758	0.02401156	-0.07114708	0.03029905
-0.01466934	-6.404582E-05	-0.01626625	0.03169106	-0.07548639	0.05169615
-0.01874673	-0.003082996	-0.01831986	0.04344871	-0.0743686	0.05336764
-0.01957099	-0.00416712	-0.02113959	0.04238794	-0.06904212	0.03807724
-0.01892835	-0.005422606	-0.02280537	0.04434499	-0.06797666	0.03473185
-0.02058465	-0.006539074	-0.02195225	0.0491398	-0.06607492	0.02484151
-0.02243907	-0.008867108	-0.02402983	0.05530044	-0.0709859	0.006816615
-0.02067239	-0.01001644	-0.02511705	0.06154597	-0.07697337	-0.01221786
-0.01921121	-0.01219386	-0.0231339	0.05771618	-0.0827977	-0.01386249
-0.01997812	-0.01252187	-0.02426369	0.04503401	-0.09187506	0.0298263
-0.01954074	-0.01437752	-0.02622333	0.05580816	-0.08679795	0.0441567
-0.01710524	-0.01765159	-0.02594443	0.07800504	-0.07082453	0.04571356
-0.01205519	-0.01789812	-0.02634557	0.08570803	-0.03698566	0.04440248
-0.01156491	-0.01717127	-0.02745289	0.07398773	-0.02385322	0.04818425
-0.007167551	-0.01581317	-0.0250511	0.06419995	0.00601671	0.02525534
-0.002189328	-0.01551252	-0.02367323	0.07339183	0.02974015	-0.023435
-0.00265624	-0.01603355	-0.02441619	0.08070548	0.03428823	-0.04950589
-0.004193606	-0.01077869	-0.02229789	0.05152873	0.02102598	-0.02870466
-0.004340817	-0.007992939	-0.02153741	0.03729534	0.009712382	-0.03621417
-0.007665898	-0.006862344	-0.02239687	0.03466101	-0.004495997	-0.05665082
-0.00979294	-0.005159883	-0.02000588	0.02812523	-0.02670815	-0.02103654
-0.01168122	-0.003765142	-0.02065278	0.01531957	-0.03876475	0.01415702
-0.009376808	0.001921373	-0.02163164	-0.0001834204	-0.04051103	0.02641917
-0.007791285	0.001976882	-0.01942841	-0.004276837	-0.03393331	0.0165361
-0.003986485	0.002534312	-0.01712099	0.003291894	-0.01840086	-0.00589841
-0.003367682	0.001229047	-0.0181357	0.01214255	-0.001061527	-0.01670649
0.0001846338	0.0006530816	-0.01487764	0.02156403	0.02157714	-0.02891905
0.003033833	0.0006234183	-0.01318345	0.02051125	0.0319532	-0.03375766
0.005273484	0.002908752	-0.009756264	0.005827967	0.03349844	-0.02063106
0.004992648	0.002869542	-0.01052439	0.00184336	0.03118367	-0.01720803
0.004554495	0.003238114	-0.01081383	-0.002335687	0.02969889	-0.01807896
0.004146493	0.002871472	-0.009961228	-0.002401222	0.02293377	-0.004869415
0.004988204	0.001947581	-0.009325537	-0.005290989	0.02200744	0.002717228
0.005779331	0.001136151	-0.007908958	-0.003703215	0.01817948	0.008226587
0.005144055	0.002698115	-0.01006454	-0.007676773	0.01464103	0.008549939
0.004021704	0.003076198	-0.007656258	0.004607938	0.02153061	-0.02208737
0.005360717	0.002352358	-0.006027648	0.01450362	0.02231524	-0.04377167
0.005266564	0.003828189	-0.005791683	0.007154409	0.02303823	-0.03824537
0.004553675	0.005972018	-0.007204981	-0.01107833	0.02309225	-0.007835232
0.004592638	0.008183334	-0.007503079	-0.01982391	0.03177298	0.007947187
0.00470712	0.007540938	-0.008471946	-0.001523108	0.05152772	-0.0321482
0.006474383	0.007275846	-0.002574913	0.001829682	0.05507226	-0.05061011
0.005820574	0.007630103	-0.0004992248	-0.007877154	0.03564774	-0.03852578
0.002671179	0.00911525	-0.0003747253	-0.008809333	0.02417648	-0.03142244
0.001569787	0.008486977	0.00380037	0.01144957	0.02664012	-0.05677862
0.001868949	0.01041218	0.005897863	0.01509069	0.02840123	-0.06981288
-0.001613985	0.01646773	0.009879498	-0.03009103	0.01867247	-0.04106371
-0.00316804	0.02081879	0.01010778	-0.06358644	0.0002794228	-0.03252026
-0.005624823	0.02651714	0.01406587	-0.08082303	-0.0174114	-0.01703801
0.009823435	0.08830596	0.09104481	-0.01717332	0.3468337	-0.3355075
